External AB INITIO PROGRAM: converted archive file
Jobname.Temp
  14 106  40  98   0   1  34   0 RB3LYP   6-31G(d)        NOOPTOPT FREQ        
GEOMETRY
  6     2.2252068    -0.2063772    -0.0000000
  6    -0.3690835     1.0454173     0.0000000
  1    -0.4913493     2.2940402    -1.6593380
  1    -0.4913493     2.2940402     1.6593380
  6    -2.5484182    -0.8551462    -0.0000000
  1    -2.3573347    -2.0888695    -1.6521725
  1    -2.3573347    -2.0888695     1.6521725
  6    -5.1421813     0.4265841     0.0000000
  1    -6.6608082    -0.9797942    -0.0000000
  1    -5.3976053     1.6244994    -1.6728581
  1    -5.3976053     1.6244994     1.6728581
  8     2.5877357    -2.4535034    -0.0000000
  8     4.2286343     1.4166680     0.0000000
  1     3.6292841     3.1522683     0.0000000
BASIS
   0   6   1   1   0
   1   3   7   1   0
   1   1  10   1   0
   2   1  11   1   0
   0   6  12   2   0
   1   3  18   2   0
   1   1  21   2   0
   2   1  22   2   0
   0   3  23   3   0
   0   1  26   3   0
   0   3  27   4   0
   0   1  30   4   0
   0   6  31   5   0
   1   3  37   5   0
   1   1  40   5   0
   2   1  41   5   0
   0   3  42   6   0
   0   1  45   6   0
   0   3  46   7   0
   0   1  49   7   0
   0   6  50   8   0
   1   3  56   8   0
   1   1  59   8   0
   2   1  60   8   0
   0   3  61   9   0
   0   1  64   9   0
   0   3  65  10   0
   0   1  68  10   0
   0   3  69  11   0
   0   1  72  11   0
   0   6  73  12   0
   1   3  79  12   0
   1   1  82  12   0
   2   1  83  12   0
   0   6  84  13   0
   1   3  90  13   0
   1   1  93  13   0
   2   1  94  13   0
   0   3  95  14   0
   0   1  98  14   0
  3.0475249000D+003
  5.3633438234D-001  0.0000000000D+000  0.0000000000D+000  0.0000000000D+000
  4.5736951000D+002
  9.8945060758D-001  0.0000000000D+000  0.0000000000D+000  0.0000000000D+000
  1.0394869000D+002
  1.5972822308D+000  0.0000000000D+000  0.0000000000D+000  0.0000000000D+000
  2.9210155000D+001
  2.0791870615D+000  0.0000000000D+000  0.0000000000D+000  0.0000000000D+000
  9.2866630000D+000
  1.7741742532D+000  0.0000000000D+000  0.0000000000D+000  0.0000000000D+000
  3.1639270000D+000
  6.1257982601D-001  0.0000000000D+000  0.0000000000D+000  0.0000000000D+000
  7.8682724000D+000
 -3.9955635160D-001  1.2960827175D+000  0.0000000000D+000  0.0000000000D+000
  1.8812885000D+000
 -1.8415523929D-001  9.9375362822D-001  0.0000000000D+000  0.0000000000D+000
  5.4424930000D-001
  5.1639037938D-001  4.9595271376D-001  0.0000000000D+000  0.0000000000D+000
  1.6871440000D-001
  1.8761787212D-001  1.5412755095D-001  0.0000000000D+000  0.0000000000D+000
  8.0000000000D-001
  0.0000000000D+000  0.0000000000D+000  1.1138249281D+000  0.0000000000D+000
  3.0475249000D+003
  5.3633438234D-001  0.0000000000D+000  0.0000000000D+000  0.0000000000D+000
  4.5736951000D+002
  9.8945060758D-001  0.0000000000D+000  0.0000000000D+000  0.0000000000D+000
  1.0394869000D+002
  1.5972822308D+000  0.0000000000D+000  0.0000000000D+000  0.0000000000D+000
  2.9210155000D+001
  2.0791870615D+000  0.0000000000D+000  0.0000000000D+000  0.0000000000D+000
  9.2866630000D+000
  1.7741742532D+000  0.0000000000D+000  0.0000000000D+000  0.0000000000D+000
  3.1639270000D+000
  6.1257982601D-001  0.0000000000D+000  0.0000000000D+000  0.0000000000D+000
  7.8682724000D+000
 -3.9955635160D-001  1.2960827175D+000  0.0000000000D+000  0.0000000000D+000
  1.8812885000D+000
 -1.8415523929D-001  9.9375362822D-001  0.0000000000D+000  0.0000000000D+000
  5.4424930000D-001
  5.1639037938D-001  4.9595271376D-001  0.0000000000D+000  0.0000000000D+000
  1.6871440000D-001
  1.8761787212D-001  1.5412755095D-001  0.0000000000D+000  0.0000000000D+000
  8.0000000000D-001
  0.0000000000D+000  0.0000000000D+000  1.1138249281D+000  0.0000000000D+000
  1.8731137000D+001
  2.1493541833D-001  0.0000000000D+000  0.0000000000D+000  0.0000000000D+000
  2.8253937000D+000
  3.6457112721D-001  0.0000000000D+000  0.0000000000D+000  0.0000000000D+000
  6.4012170000D-001
  4.1505142766D-001  0.0000000000D+000  0.0000000000D+000  0.0000000000D+000
  1.6127780000D-001
  1.8138068393D-001  0.0000000000D+000  0.0000000000D+000  0.0000000000D+000
  1.8731137000D+001
  2.1493541833D-001  0.0000000000D+000  0.0000000000D+000  0.0000000000D+000
  2.8253937000D+000
  3.6457112721D-001  0.0000000000D+000  0.0000000000D+000  0.0000000000D+000
  6.4012170000D-001
  4.1505142766D-001  0.0000000000D+000  0.0000000000D+000  0.0000000000D+000
  1.6127780000D-001
  1.8138068393D-001  0.0000000000D+000  0.0000000000D+000  0.0000000000D+000
  3.0475249000D+003
  5.3633438234D-001  0.0000000000D+000  0.0000000000D+000  0.0000000000D+000
  4.5736951000D+002
  9.8945060758D-001  0.0000000000D+000  0.0000000000D+000  0.0000000000D+000
  1.0394869000D+002
  1.5972822308D+000  0.0000000000D+000  0.0000000000D+000  0.0000000000D+000
  2.9210155000D+001
  2.0791870615D+000  0.0000000000D+000  0.0000000000D+000  0.0000000000D+000
  9.2866630000D+000
  1.7741742532D+000  0.0000000000D+000  0.0000000000D+000  0.0000000000D+000
  3.1639270000D+000
  6.1257982601D-001  0.0000000000D+000  0.0000000000D+000  0.0000000000D+000
  7.8682724000D+000
 -3.9955635160D-001  1.2960827175D+000  0.0000000000D+000  0.0000000000D+000
  1.8812885000D+000
 -1.8415523929D-001  9.9375362822D-001  0.0000000000D+000  0.0000000000D+000
  5.4424930000D-001
  5.1639037938D-001  4.9595271376D-001  0.0000000000D+000  0.0000000000D+000
  1.6871440000D-001
  1.8761787212D-001  1.5412755095D-001  0.0000000000D+000  0.0000000000D+000
  8.0000000000D-001
  0.0000000000D+000  0.0000000000D+000  1.1138249281D+000  0.0000000000D+000
  1.8731137000D+001
  2.1493541833D-001  0.0000000000D+000  0.0000000000D+000  0.0000000000D+000
  2.8253937000D+000
  3.6457112721D-001  0.0000000000D+000  0.0000000000D+000  0.0000000000D+000
  6.4012170000D-001
  4.1505142766D-001  0.0000000000D+000  0.0000000000D+000  0.0000000000D+000
  1.6127780000D-001
  1.8138068393D-001  0.0000000000D+000  0.0000000000D+000  0.0000000000D+000
  1.8731137000D+001
  2.1493541833D-001  0.0000000000D+000  0.0000000000D+000  0.0000000000D+000
  2.8253937000D+000
  3.6457112721D-001  0.0000000000D+000  0.0000000000D+000  0.0000000000D+000
  6.4012170000D-001
  4.1505142766D-001  0.0000000000D+000  0.0000000000D+000  0.0000000000D+000
  1.6127780000D-001
  1.8138068393D-001  0.0000000000D+000  0.0000000000D+000  0.0000000000D+000
  3.0475249000D+003
  5.3633438234D-001  0.0000000000D+000  0.0000000000D+000  0.0000000000D+000
  4.5736951000D+002
  9.8945060758D-001  0.0000000000D+000  0.0000000000D+000  0.0000000000D+000
  1.0394869000D+002
  1.5972822308D+000  0.0000000000D+000  0.0000000000D+000  0.0000000000D+000
  2.9210155000D+001
  2.0791870615D+000  0.0000000000D+000  0.0000000000D+000  0.0000000000D+000
  9.2866630000D+000
  1.7741742532D+000  0.0000000000D+000  0.0000000000D+000  0.0000000000D+000
  3.1639270000D+000
  6.1257982601D-001  0.0000000000D+000  0.0000000000D+000  0.0000000000D+000
  7.8682724000D+000
 -3.9955635160D-001  1.2960827175D+000  0.0000000000D+000  0.0000000000D+000
  1.8812885000D+000
 -1.8415523929D-001  9.9375362822D-001  0.0000000000D+000  0.0000000000D+000
  5.4424930000D-001
  5.1639037938D-001  4.9595271376D-001  0.0000000000D+000  0.0000000000D+000
  1.6871440000D-001
  1.8761787212D-001  1.5412755095D-001  0.0000000000D+000  0.0000000000D+000
  8.0000000000D-001
  0.0000000000D+000  0.0000000000D+000  1.1138249281D+000  0.0000000000D+000
  1.8731137000D+001
  2.1493541833D-001  0.0000000000D+000  0.0000000000D+000  0.0000000000D+000
  2.8253937000D+000
  3.6457112721D-001  0.0000000000D+000  0.0000000000D+000  0.0000000000D+000
  6.4012170000D-001
  4.1505142766D-001  0.0000000000D+000  0.0000000000D+000  0.0000000000D+000
  1.6127780000D-001
  1.8138068393D-001  0.0000000000D+000  0.0000000000D+000  0.0000000000D+000
  1.8731137000D+001
  2.1493541833D-001  0.0000000000D+000  0.0000000000D+000  0.0000000000D+000
  2.8253937000D+000
  3.6457112721D-001  0.0000000000D+000  0.0000000000D+000  0.0000000000D+000
  6.4012170000D-001
  4.1505142766D-001  0.0000000000D+000  0.0000000000D+000  0.0000000000D+000
  1.6127780000D-001
  1.8138068393D-001  0.0000000000D+000  0.0000000000D+000  0.0000000000D+000
  1.8731137000D+001
  2.1493541833D-001  0.0000000000D+000  0.0000000000D+000  0.0000000000D+000
  2.8253937000D+000
  3.6457112721D-001  0.0000000000D+000  0.0000000000D+000  0.0000000000D+000
  6.4012170000D-001
  4.1505142766D-001  0.0000000000D+000  0.0000000000D+000  0.0000000000D+000
  1.6127780000D-001
  1.8138068393D-001  0.0000000000D+000  0.0000000000D+000  0.0000000000D+000
  5.4846717000D+003
  8.3173520885D-001  0.0000000000D+000  0.0000000000D+000  0.0000000000D+000
  8.2523495000D+002
  1.5308074829D+000  0.0000000000D+000  0.0000000000D+000  0.0000000000D+000
  1.8804696000D+002
  2.4771490916D+000  0.0000000000D+000  0.0000000000D+000  0.0000000000D+000
  5.2964500000D+001
  3.2562802462D+000  0.0000000000D+000  0.0000000000D+000  0.0000000000D+000
  1.6897570000D+001
  2.7928936336D+000  0.0000000000D+000  0.0000000000D+000  0.0000000000D+000
  5.7996353000D+000
  9.5493769626D-001  0.0000000000D+000  0.0000000000D+000  0.0000000000D+000
  1.5539616000D+001
 -6.1793369763D-001  3.1169455889D+000  0.0000000000D+000  0.0000000000D+000
  3.5999336000D+000
 -2.7572100882D-001  2.4014372483D+000  0.0000000000D+000  0.0000000000D+000
  1.0137618000D+000
  8.1420764273D-001  1.0543605133D+000  0.0000000000D+000  0.0000000000D+000
  2.7000580000D-001
  2.6695613886D-001  2.7743193731D-001  0.0000000000D+000  0.0000000000D+000
  8.0000000000D-001
  0.0000000000D+000  0.0000000000D+000  1.1138249281D+000  0.0000000000D+000
  5.4846717000D+003
  8.3173520885D-001  0.0000000000D+000  0.0000000000D+000  0.0000000000D+000
  8.2523495000D+002
  1.5308074829D+000  0.0000000000D+000  0.0000000000D+000  0.0000000000D+000
  1.8804696000D+002
  2.4771490916D+000  0.0000000000D+000  0.0000000000D+000  0.0000000000D+000
  5.2964500000D+001
  3.2562802462D+000  0.0000000000D+000  0.0000000000D+000  0.0000000000D+000
  1.6897570000D+001
  2.7928936336D+000  0.0000000000D+000  0.0000000000D+000  0.0000000000D+000
  5.7996353000D+000
  9.5493769626D-001  0.0000000000D+000  0.0000000000D+000  0.0000000000D+000
  1.5539616000D+001
 -6.1793369763D-001  3.1169455889D+000  0.0000000000D+000  0.0000000000D+000
  3.5999336000D+000
 -2.7572100882D-001  2.4014372483D+000  0.0000000000D+000  0.0000000000D+000
  1.0137618000D+000
  8.1420764273D-001  1.0543605133D+000  0.0000000000D+000  0.0000000000D+000
  2.7000580000D-001
  2.6695613886D-001  2.7743193731D-001  0.0000000000D+000  0.0000000000D+000
  8.0000000000D-001
  0.0000000000D+000  0.0000000000D+000  1.1138249281D+000  0.0000000000D+000
  1.8731137000D+001
  2.1493541833D-001  0.0000000000D+000  0.0000000000D+000  0.0000000000D+000
  2.8253937000D+000
  3.6457112721D-001  0.0000000000D+000  0.0000000000D+000  0.0000000000D+000
  6.4012170000D-001
  4.1505142766D-001  0.0000000000D+000  0.0000000000D+000  0.0000000000D+000
  1.6127780000D-001
  1.8138068393D-001  0.0000000000D+000  0.0000000000D+000  0.0000000000D+000
ENERGY
 -3.0770099360D+002   0.0000000000D+00
WAVEFUNC   6-31G(d)   QCHEM 
 -1.9194554016D+001 -1.9133934835D+001 -1.0318757868D+001 -1.0212160623D+001
 -1.0192135341D+001 -1.0183792891D+001 -1.0972158140D+000 -1.0169155254D+000
 -8.0414234405D-001 -7.1818437715D-001 -6.2300427732D-001 -5.9781688436D-001
 -5.1812254669D-001 -4.8952909172D-001 -4.5088561152D-001 -4.3499582935D-001
 -4.1573814184D-001 -4.0820419520D-001 -3.8872643139D-001 -3.5693264878D-001
 -3.4675446329D-001 -3.4212154256D-001 -3.1434991770D-001 -2.7084237459D-001
  1.1838762028D-002  5.2076419046D-002  8.4136567552D-002  1.3084401667D-001
  1.3464909470D-001  1.5040383151D-001  1.7153540476D-001  1.7777650773D-001
  1.9320724602D-001  2.1072704823D-001                                      
 -1.1999279641D-005  2.9372597247D-004  3.7162414893D-004  1.8732959606D-004
  0.0000000000D+000 -1.8642182472D-003 -2.6372007728D-003 -9.8141433609D-004
  0.0000000000D+000  4.2917855754D-005 -2.0973510396D-005 -1.8947532765D-005
  2.2199624622D-005  0.0000000000D+000  0.0000000000D+000  2.9145497087D-005
  1.9959069820D-004 -5.6148253683D-005 -1.3240433431D-005  0.0000000000D+000
 -1.3452019596D-003  6.1891895330D-005  6.1121206816D-004  0.0000000000D+000
 -3.6767459786D-005 -1.8067140199D-005  6.7961625891D-005  1.7417800979D-005
  0.0000000000D+000  0.0000000000D+000  2.2590012985D-006  9.9210853844D-005
  2.2590012980D-006  9.9210853846D-005  9.2508968407D-007 -1.8092137053D-005
  8.9300855258D-005  4.3888949619D-006  0.0000000000D+000  6.5734217543D-004
 -3.7929819874D-004  4.0644954336D-004  0.0000000000D+000  1.6617149759D-005
  3.4393675593D-005  2.4199017735D-007  2.0785919255D-006  0.0000000000D+000
  0.0000000000D+000  1.7121222223D-005  3.2708974197D-005  1.7121222222D-005
  3.2708974197D-005  1.0781047002D-005  6.2066403956D-005 -2.1950930378D-005
  6.0843899608D-006  0.0000000000D+000 -5.8177019694D-004 -2.5037605608D-004
  1.2220581398D-004  0.0000000000D+000 -1.3894741349D-005  1.3580550000D-005
  1.3378135116D-005  1.5514759159D-005  0.0000000000D+000  0.0000000000D+000
  1.8540448954D-005  2.2038237510D-005  2.4500415877D-005 -1.0989703420D-005
  2.4500415877D-005 -1.0989703421D-005 -3.6595154340D-005  4.0628484941D-005
 -4.4441424207D-005 -1.4023342338D-006  0.0000000000D+000  1.3601981311D-004
  4.4472451383D-004  8.4761693444D-005  0.0000000000D+000 -5.8377770621D-005
 -6.2133613904D-005  3.9164077336D-005 -1.0188116827D-005  0.0000000000D+000
  0.0000000000D+000  9.9270450927D-001  2.5751219406D-002 -8.9806192136D-004
  4.4423755274D-004  0.0000000000D+000  1.3315353319D-002 -6.1486924030D-004
 -8.8048127815D-004  0.0000000000D+000 -8.2121531454D-003 -8.1751127350D-003
 -8.1777652710D-003  6.1637983780D-005  0.0000000000D+000  0.0000000000D+000
  4.2964347151D-004 -1.1013274671D-003
 -1.4345122664D-005  3.6729762821D-004  2.3478901707D-005  1.2706165160D-004
  0.0000000000D+000 -2.8492048226D-003 -1.0956804642D-003  4.1799878201D-003
  0.0000000000D+000 -4.8524020005D-005 -9.6627240328D-004 -6.1991929667D-005
  1.6950526509D-004  0.0000000000D+000  0.0000000000D+000  4.5532650754D-007
  3.5545678823D-005  5.2352811299D-005  1.3270184015D-005  0.0000000000D+000
 -7.0487818062D-004 -1.2988943185D-003 -6.0373952255D-004  0.0000000000D+000
 -2.8241811528D-005  2.1454423787D-005 -2.3675196033D-005  3.2788693793D-005
  0.0000000000D+000  0.0000000000D+000  2.7268195245D-005  7.9644467349D-005
  2.7268195246D-005  7.9644467349D-005  1.6334895455D-005  4.6438635979D-005
  2.8684888267D-005 -4.3975625767D-005  0.0000000000D+000 -6.5962991027D-004
 -4.2003110026D-004 -1.7528505414D-004  0.0000000000D+000  7.5801152958D-005
 -1.8799642393D-006  2.6168837839D-005 -4.9752653786D-005  0.0000000000D+000
  0.0000000000D+000  7.1949685508D-005 -1.1702220436D-005  7.1949685506D-005
 -1.1702220430D-005  1.4536059418D-005  6.7418731214D-005  2.8159059634D-005
  2.0105755147D-005  0.0000000000D+000 -2.8145835894D-004 -2.2342940395D-004
 -5.5292348372D-005  0.0000000000D+000 -1.8489629011D-006  2.0805205716D-005
  2.9729697323D-005  1.4899319237D-005  0.0000000000D+000  0.0000000000D+000
 -2.4125316396D-006 -1.0211193572D-004  2.4438018973D-005  2.6481236275D-005
  2.4438018973D-005  2.6481236281D-005  9.9269792853D-001  2.5511417311D-002
 -1.8845791799D-004  1.2087488869D-003  0.0000000000D+000  1.5256876607D-002
 -2.5590035648D-004  1.9721517726D-003  0.0000000000D+000 -8.2736830656D-003
 -7.6579339750D-003 -8.3103784972D-003 -1.0650396363D-004  0.0000000000D+000
  0.0000000000D+000  4.7142291432D-005  9.3050429292D-005 -3.8607706868D-005
  4.2958800849D-005  0.0000000000D+000 -4.7594156428D-004  4.2701305049D-004
 -3.3402434694D-004  0.0000000000D+000  3.2337916079D-005 -5.0090728812D-005
  4.5105118781D-005  1.5658820135D-005  0.0000000000D+000  0.0000000000D+000
  9.8391936277D-005 -1.0517975566D-004
  9.9294526153D-001  4.8302079525D-002  8.2291462226D-004 -8.7925210669D-005
  0.0000000000D+000 -7.9627803075D-003  4.8533876577D-003 -3.6773099836D-003
  0.0000000000D+000 -8.8806934415D-003 -8.1428567725D-003 -9.5253807312D-003
  1.3223678137D-004  0.0000000000D+000  0.0000000000D+000  8.8107782547D-004
 -3.1040205126D-004 -2.7745813241D-004  1.4693821898D-004  0.0000000000D+000
  5.6023634426D-003  3.3626168645D-003 -1.1305773063D-003  0.0000000000D+000
 -3.6656795231D-004 -2.5893102291D-004 -1.4523476154D-004  6.5182197792D-005
  0.0000000000D+000  0.0000000000D+000 -2.1669413527D-004  2.8732268461D-004
 -2.1669413528D-004  2.8732268462D-004 -2.1853363548D-005 -7.9884678986D-005
 -1.1340505076D-004  1.6692007774D-005  0.0000000000D+000 -2.9794989646D-004
  7.0776012438D-004 -1.2598487850D-004  0.0000000000D+000 -1.9787368603D-005
  3.3700381796D-005 -4.6286253476D-005  4.8472400041D-005  0.0000000000D+000
  0.0000000000D+000 -5.2201647836D-005  2.9981810206D-005 -5.2201647841D-005
  2.9981810236D-005 -5.5270127181D-005 -2.0656295397D-004 -3.0672855007D-005
 -5.2418050309D-005  0.0000000000D+000  1.2211761935D-003  6.9050521017D-004
  1.4255226994D-004  0.0000000000D+000 -5.7464303467D-006 -7.0902649842D-005
 -6.6801043927D-005 -1.9064152734D-005  0.0000000000D+000  0.0000000000D+000
 -1.3494100178D-005  2.0822712214D-004 -7.4192865461D-005 -1.3058093715D-004
 -7.4192865459D-005 -1.3058093715D-004 -1.0983854815D-004  6.1653566012D-004
  6.4981368096D-005  3.5811313060D-005  0.0000000000D+000 -4.2956859121D-003
 -5.6457845589D-004 -2.3172225755D-003  0.0000000000D+000  4.1124643693D-004
 -9.8626291286D-005  5.1321703981D-004 -1.1199088071D-004  0.0000000000D+000
  0.0000000000D+000 -2.8345635688D-005  2.8307163728D-004  1.2539559088D-004
 -2.4067511557D-005  0.0000000000D+000 -9.5820516444D-004  4.6169193524D-004
  1.7388734546D-003  0.0000000000D+000 -2.1542879476D-004 -2.7905348008D-004
  3.2963320820D-004 -6.1005152281D-004  0.0000000000D+000  0.0000000000D+000
 -9.0811536905D-005 -9.1598303856D-005
 -1.1751085771D-003 -3.8601232251D-004  8.3037837247D-005 -8.0391995117D-005
  0.0000000000D+000  5.5691137346D-003 -3.9994104408D-003  7.4379290178D-004
  0.0000000000D+000 -4.7087268295D-004 -2.4090473550D-004 -1.9196158890D-004
  1.9618203485D-004  0.0000000000D+000  0.0000000000D+000  9.9303158448D-001
  5.0547690033D-002  2.1100392265D-004  7.4805748083D-005  0.0000000000D+000
 -2.1668365665D-002 -6.9562657229D-004  1.7889174197D-003  0.0000000000D+000
 -9.0194097919D-003 -9.0224382064D-003 -8.8392782777D-003  6.9267214681D-006
  0.0000000000D+000  0.0000000000D+000  1.0809975870D-004  2.8781920680D-003
  1.0809975862D-004  2.8781920681D-003  5.2068280056D-003 -8.4986569317D-005
  7.6803743630D-006 -1.0341697907D-004  0.0000000000D+000  5.3637405848D-003
  1.8439095810D-003  1.7680541431D-003  0.0000000000D+000 -2.9614474040D-004
 -3.2936027582D-004 -1.5034117580D-004 -1.2291780497D-004  0.0000000000D+000
  0.0000000000D+000 -1.8948123926D-004  6.7330126396D-005 -1.8948123927D-004
  6.7330126397D-005 -9.3943182522D-005 -1.1650206021D-004 -1.1487599154D-004
 -2.5084428989D-005  0.0000000000D+000 -1.9401952144D-006 -9.2044155500D-005
  2.0982882482D-004  0.0000000000D+000 -5.5985005474D-005  7.2199645113D-006
 -9.0065822028D-005  2.7943644404D-005  0.0000000000D+000  0.0000000000D+000
 -2.5387019337D-005  2.6597395985D-004  1.2786285494D-005 -2.5471036973D-004
  1.2786285496D-005 -2.5471036972D-004 -2.1419471019D-006 -3.7141957220D-005
 -4.7124863348D-005 -6.2731906771D-006  0.0000000000D+000 -2.1112052153D-004
  7.2970895309D-004  7.3557344495D-005  0.0000000000D+000  6.9013353430D-006
  1.0662090689D-004 -9.7845946265D-005  1.1050936559D-004  0.0000000000D+000
  0.0000000000D+000 -6.1034206293D-005 -3.0154886525D-004  4.9637504648D-005
  6.1311055637D-005  0.0000000000D+000  1.2890023386D-003 -1.2081189087D-004
 -5.7766718679D-004  0.0000000000D+000 -1.3187728513D-004 -1.0050256701D-004
 -2.7374872194D-004  2.3628773918D-005  0.0000000000D+000  0.0000000000D+000
  4.3106353036D-005  1.1769636448D-004
  1.4009962006D-006 -5.4617152231D-005  2.0091825829D-005  6.3741679848D-005
  0.0000000000D+000 -1.7883123260D-003  1.9514023655D-004  2.6555388695D-004
  0.0000000000D+000 -5.7921866869D-005 -7.1874468402D-005 -1.4843964877D-005
 -1.9010211331D-005  0.0000000000D+000  0.0000000000D+000 -5.4858975477D-003
 -6.8582783454D-004  9.3106342562D-005  1.3967808474D-004  0.0000000000D+000
  6.2066847407D-003 -1.8672056335D-003 -2.1467114523D-003  0.0000000000D+000
 -2.2919171278D-004 -2.3686344380D-004 -9.0042543391D-005 -1.9342982370D-004
  0.0000000000D+000  0.0000000000D+000 -1.9129050017D-004  4.7199057399D-005
 -1.9129050019D-004  4.7199057380D-005  9.9296146374D-001  5.0182701761D-002
  6.4950068686D-005  1.7284940036D-004  0.0000000000D+000 -2.0428676814D-002
 -3.7017321347D-004 -1.5131392288D-003  0.0000000000D+000 -8.9903239501D-003
 -8.9232558670D-003 -8.8023762082D-003 -3.7395106190D-005  0.0000000000D+000
  0.0000000000D+000  1.0373339857D-004  2.8494505646D-003  1.0373339840D-004
  2.8494505648D-003  1.2616784361D-002  3.5739717874D-004 -5.5063704103D-005
  8.6578922743D-005  0.0000000000D+000  4.7455755860D-003  2.0284389500D-003
 -9.4218678334D-004  0.0000000000D+000 -4.5985594381D-004 -3.3672212074D-004
 -1.9540271589D-004  1.6312418772D-004  0.0000000000D+000  0.0000000000D+000
 -1.5235340318D-004 -1.5563101649D-004 -1.8946166347D-004  5.1121481040D-005
 -1.8946166348D-004  5.1121481034D-005 -5.7965444109D-005 -2.5463088795D-004
  5.3768605045D-005 -2.6691017400D-005  0.0000000000D+000  1.3901308892D-003
 -2.2485454969D-004  4.9469853442D-004  0.0000000000D+000 -1.6485148437D-004
 -9.2822813694D-005 -2.1678596297D-004 -5.1998625596D-005  0.0000000000D+000
  0.0000000000D+000 -2.8842853594D-005 -1.3595964852D-004  3.1205052195D-005
  1.5995622436D-005  0.0000000000D+000  6.0594907135D-004 -3.2835010869D-004
 -2.1039139198D-004  0.0000000000D+000 -2.1532161040D-005 -8.2658897004D-005
 -1.0524471921D-004  3.8660568226D-005  0.0000000000D+000  0.0000000000D+000
 -4.6421103544D-005  2.1183839757D-004
 -3.0472116670D-005 -1.8436485698D-004  6.0425802761D-006  2.2689725000D-006
  0.0000000000D+000  1.2288140400D-003 -1.0823616156D-003  2.6445312431D-004
  0.0000000000D+000 -1.7512367959D-005 -4.5979457843D-005 -9.1224923656D-005
 -2.4139067800D-005  0.0000000000D+000  0.0000000000D+000  1.1346141347D-004
 -9.5156009747D-005  1.4020282531D-004 -5.0091128345D-005  0.0000000000D+000
 -4.8323563639D-004 -1.0363605599D-003  7.0264204998D-004  0.0000000000D+000
 -4.8673520888D-005 -3.7660739767D-005 -5.5106982026D-005  3.8236851515D-005
  0.0000000000D+000  0.0000000000D+000 -3.7391712744D-005 -3.0984849229D-004
 -3.7391712745D-005 -3.0984849230D-004 -1.2852996287D-002 -8.6962073797D-004
  1.6461348057D-004 -1.0526697709D-004  0.0000000000D+000  4.5348758304D-003
 -2.0673517279D-003  9.2491681397D-004  0.0000000000D+000 -2.2633371130D-004
 -9.1512450114D-005  2.2039698350D-005  1.1328869420D-004  0.0000000000D+000
  0.0000000000D+000 -1.4839509841D-004  1.6181952516D-005 -1.4839509841D-004
  1.6181952531D-005  9.9285049616D-001  4.9983611410D-002  4.8071913003D-005
  5.4591064687D-005  0.0000000000D+000 -1.7288815430D-002 -1.0839007561D-003
  1.9330784229D-004  0.0000000000D+000 -9.1895523430D-003 -9.0943310307D-003
 -9.0837859011D-003  6.7360700642D-005  0.0000000000D+000  0.0000000000D+000
 -6.0615628511D-005  2.5497409265D-003 -1.5901267148D-005  2.8005285165D-003
 -1.5901267163D-005  2.8005285165D-003 -2.0847347673D-005 -7.7203694279D-005
  8.2097755967D-006 -2.9062860123D-006  0.0000000000D+000  3.0811744844D-004
  9.4255071074D-005  5.3657515519D-005  0.0000000000D+000 -4.6174385904D-005
 -4.8849677360D-005 -9.0960982771D-005  2.1876424647D-005  0.0000000000D+000
  0.0000000000D+000 -9.1579325859D-006 -3.8380194589D-005 -4.3284716858D-006
  2.7913467584D-005  0.0000000000D+000  2.1733192795D-004  3.5529109629D-005
 -2.3505803646D-004  0.0000000000D+000 -3.6000087125D-005 -7.0471273206D-006
 -3.0959325181D-005  1.9061540646D-005  0.0000000000D+000  0.0000000000D+000
  2.4181140925D-005  1.2084315286D-004
 -1.1712568025D-001  2.2803899331D-001  8.5870875262D-002 -1.9837944883D-002
  2.5998735862D-012  5.3879745312D-002 -3.4473851282D-002  1.3637097078D-002
  0.0000000000D+000 -5.4716914327D-003  1.2168994703D-002 -2.0435211062D-002
  1.0635849730D-002  0.0000000000D+000  0.0000000000D+000 -1.8009564397D-002
  3.2954531073D-002  2.4147626251D-002 -8.5337244902D-003  0.0000000000D+000
  4.6494428037D-005  2.7440261707D-003  5.8454576751D-003  0.0000000000D+000
  5.8778535016D-003  4.4249809771D-004 -7.4583858059D-004 -3.2146183828D-003
  0.0000000000D+000  0.0000000000D+000  6.5688417721D-003  1.2167894593D-003
  6.5688417719D-003  1.2167894592D-003 -3.2901765046D-003  6.3816190421D-003
  5.5802478247D-003  1.3273054589D-003  0.0000000000D+000  8.1163827289D-003
 -4.5298858645D-003  4.2644312896D-003  0.0000000000D+000  1.0564679969D-003
  4.3927179837D-004 -6.2014795864D-005  3.1502000059D-004  0.0000000000D+000
  0.0000000000D+000  1.9640446725D-003  1.1134093527D-003  1.9640446724D-003
  1.1134093525D-003 -3.2648247771D-004  1.3496740143D-003  3.2138173885D-004
 -1.4861302033D-004  0.0000000000D+000 -5.5215997621D-003 -2.4164881029D-003
  1.9871191083D-003  0.0000000000D+000 -1.0163680040D-004  2.1583251634D-005
  7.9915850225D-005  8.3803709268D-005  0.0000000000D+000  0.0000000000D+000
  3.0928213799D-004  4.8401494348D-004  2.9389921545D-004 -2.9624925663D-004
  2.9389921544D-004 -2.9624925668D-004 -9.9086339689D-002  2.1377796554D-001
 -7.4212686878D-003  9.6150275562D-002  0.0000000000D+000  1.9819602558D-001
  4.5927275364D-003  3.6868877106D-002  0.0000000000D+000 -6.6889756740D-003
  8.6625860620D-003 -3.8395090918D-003  2.3307420712D-004  0.0000000000D+000
  0.0000000000D+000 -1.6571961098D-001  3.6550998571D-001 -1.0180951093D-001
  1.3412741956D-003  0.0000000000D+000  3.5781094901D-001 -5.0494736380D-002
 -2.7529681994D-003  0.0000000000D+000  6.1630393560D-003  1.2601282398D-002
 -9.1348412756D-003  1.7028860318D-003  0.0000000000D+000  0.0000000000D+000
  9.5506706238D-002 -6.0704366810D-003
 -5.9598809864D-002  1.1896393525D-001 -3.0443741595D-002 -2.3274572948D-001
  0.0000000000D+000  4.8152099044D-002 -7.3364091952D-003  4.2745607235D-002
  0.0000000000D+000 -2.0401600502D-002  1.5805370564D-002 -1.0828017023D-002
 -2.0054322995D-002  0.0000000000D+000  0.0000000000D+000 -5.6693243152D-003
  1.0780016940D-002  3.0703774605D-003 -1.5122920224D-002  0.0000000000D+000
 -5.4248312718D-003 -2.8104085987D-002 -1.4050605056D-002  0.0000000000D+000
  3.2532922187D-006  2.5344925212D-003 -7.8128941509D-004 -3.2341633630D-003
  0.0000000000D+000  0.0000000000D+000  1.0118317783D-003 -1.9466450566D-003
  1.0118317783D-003 -1.9466450565D-003 -4.3452916298D-003  9.3022963555D-003
  4.1080980853D-003  1.2834317665D-004  0.0000000000D+000 -1.6551184292D-002
  6.0208838939D-003 -1.0237801414D-002  0.0000000000D+000  1.1215827619D-003
 -2.5446610855D-004  1.6317553688D-004 -2.4637123322D-004  0.0000000000D+000
  0.0000000000D+000  2.5832932376D-003  1.5649852223D-003  2.5832932374D-003
  1.5649852218D-003 -6.4275433273D-004  8.1121357660D-004  1.6029205830D-003
 -1.6856467749D-004  0.0000000000D+000  1.0140332767D-002  2.1764535589D-003
 -4.1111680745D-003  0.0000000000D+000  3.7322477091D-004  2.6675699862D-005
 -2.1846860580D-005 -2.3375445543D-004  0.0000000000D+000  0.0000000000D+000
 -1.6601755745D-004 -2.4644477023D-003  1.5818275525D-004  3.9620447669D-004
  1.5818275524D-004  3.9620447663D-004 -1.6930227859D-001  3.6512111361D-001
 -3.0113101577D-002  1.3309056739D-001  1.1603048757D-012  3.5896170260D-001
 -1.2613044571D-002  4.4560523327D-002  0.0000000000D+000 -8.7746514006D-003
  5.4335399991D-003 -7.0396144831D-003 -5.0348509679D-003  0.0000000000D+000
  0.0000000000D+000  1.2229763811D-001 -2.7044272365D-001  5.9286922090D-002
 -5.1523314424D-002  0.0000000000D+000 -2.8632871143D-001  3.6199937504D-002
 -3.0151430242D-002  0.0000000000D+000 -6.8429638574D-004 -5.6049263930D-003
  6.5915841255D-003  7.8371993983D-003  0.0000000000D+000  0.0000000000D+000
 -8.8112904541D-002 -9.5474646117D-004
 -2.8835158038D-002  5.8665277284D-002 -9.6996634867D-002  6.3126530883D-002
  0.0000000000D+000  3.3867791792D-002 -9.9126459645D-003  1.3816239675D-002
  0.0000000000D+000  7.2097360392D-003 -5.9177808704D-003 -1.6991711162D-003
 -5.1347467539D-003  0.0000000000D+000  0.0000000000D+000 -1.3690472827D-001
  2.5985152207D-001 -2.5569473759D-002 -2.7528594516D-002  3.5396747946D-012
  2.2510494227D-001  2.4389138192D-004  7.7674099797D-004  0.0000000000D+000
  1.0088428643D-004 -2.4030649825D-004 -1.6033598944D-003  4.2490283105D-003
  0.0000000000D+000  0.0000000000D+000  7.7823356096D-002  1.2084606614D-002
  7.7823356093D-002  1.2084606611D-002 -1.3234329582D-001  2.5041517366D-001
  1.6697939971D-002  4.4830261309D-002  6.3746828155D-012  2.0011851093D-001
  1.3695068900D-003  7.5353830121D-003  2.3898761011D-012  2.0605332650D-003
  1.7686747367D-004 -2.8680436624D-003  2.4063706573D-003  0.0000000000D+000
 -2.2555555766D-012  6.8836540268D-002  9.2909687275D-003  6.8836540264D-002
  9.2909687198D-003 -8.5523692337D-002  1.6148760878D-001  4.8355786718D-002
 -1.5260264612D-002  0.0000000000D+000  1.2501646432D-001  7.0705467772D-003
 -1.3157677604D-003  1.1108058474D-012  4.5902778257D-003 -6.4501412986D-004
 -1.6673468382D-003 -2.6934485204D-003  0.0000000000D+000  0.0000000000D+000
  4.2229599008D-002  6.9250796201D-003  4.6010136070D-002  9.3576874111D-003
  4.6010136068D-002  9.3576874100D-003  2.8103088791D-002 -6.4195105498D-002
 -1.9915105286D-002 -1.1107325558D-002  0.0000000000D+000 -5.9672070328D-002
 -9.4373724446D-003 -5.9557423091D-005  0.0000000000D+000  1.4644654384D-003
 -3.4936426816D-004  5.0627571911D-005 -2.6809094257D-003  0.0000000000D+000
  0.0000000000D+000  2.0895180429D-002 -4.7364580412D-002 -1.5645379837D-002
 -3.4909244604D-003  0.0000000000D+000 -5.9699553074D-002 -6.3999433618D-003
 -3.1158175331D-003  0.0000000000D+000  3.5953499471D-003 -2.9466020632D-003
  3.7935811364D-004  4.0474339029D-004  0.0000000000D+000  0.0000000000D+000
 -1.0110954189D-002  6.4454240052D-004
  5.5597903970D-002 -1.1708497655D-001  1.1258594431D-001 -9.0712513021D-002
 -2.3465600409D-012 -7.2245083362D-002  2.0439767876D-002 -2.8342278371D-002
  0.0000000000D+000 -4.9537551115D-003  7.3008575402D-003  4.1204853224D-003
  6.0890586302D-003  0.0000000000D+000  0.0000000000D+000  1.1487328293D-001
 -2.2352267436D-001 -8.3348697912D-002 -1.9362144599D-002 -3.2509066550D-012
 -2.1614146138D-001 -3.1469329855D-002 -1.6904261207D-002 -2.0431280924D-012
  4.3024781085D-003  2.6517142025D-003 -1.5268453434D-003  5.4657697451D-003
  0.0000000000D+000  0.0000000000D+000 -7.9403187485D-002 -1.5327380155D-002
 -7.9403187481D-002 -1.5327380151D-002 -5.5396855361D-002  1.0848608631D-001
 -1.1962040741D-001 -1.0334718516D-002  3.3844784976D-012  8.7577869742D-002
 -2.9234645256D-002 -6.8819738778D-003  2.3038555764D-012  6.2130979213D-004
 -2.7004764737D-003  3.0379570235D-004 -1.1778114305D-002  0.0000000000D+000
 -1.3696619216D-012  3.4489526549D-002  8.5330403583D-003  3.4489526547D-002
  8.5330403538D-003 -1.4165927010D-001  2.7163461217D-001  6.8440123067D-003
 -1.4007821587D-002  0.0000000000D+000  2.5138136995D-001 -2.4537857175D-003
 -3.2982432164D-004  0.0000000000D+000 -1.1397863190D-003  5.4754630672D-004
  7.4248854344D-005  2.3650134785D-004  0.0000000000D+000  0.0000000000D+000
  9.4666995444D-002  2.3593106603D-002  8.9237676764D-002  2.0896596066D-002
  8.9237676759D-002  2.0896596065D-002 -2.9864238693D-002  6.9723470596D-002
  2.4626212903D-002 -4.0848877976D-003  0.0000000000D+000  6.3434145336D-002
  1.1856896399D-002 -1.0275745466D-002  0.0000000000D+000 -4.4889792048D-004
 -1.5362648309D-003  6.7989034982D-004  3.6874857194D-003  0.0000000000D+000
  0.0000000000D+000 -3.1325891163D-002  7.1798561445D-002  4.6167955282D-002
  3.2736482305D-002  0.0000000000D+000  9.5271923453D-002  2.1230214004D-002
  1.8207266498D-002  0.0000000000D+000 -7.5162624665D-003  5.6058710966D-003
 -2.0991620300D-004 -2.3514196405D-003  0.0000000000D+000  0.0000000000D+000
  2.5381514806D-002  4.5324485089D-003
  9.0242962034D-002 -1.9869092852D-001 -9.1075019920D-002 -1.3467309546D-001
 -5.0819077936D-012 -1.5338038919D-001  1.5784720869D-002 -4.8695830307D-002
 -1.3306067076D-012 -6.5658574376D-003  1.5136717500D-002  9.6906579492D-003
 -4.3727816749D-003  0.0000000000D+000  0.0000000000D+000  1.1338103443D-003
 -5.3842416547D-003 -1.0955438984D-001 -5.1014563062D-002  0.0000000000D+000
  1.4707068585D-002 -1.7284289388D-002 -2.1870481414D-002  0.0000000000D+000
 -4.5087368126D-003  5.0667055532D-003 -1.5015525467D-003  7.7728375621D-003
  0.0000000000D+000  0.0000000000D+000 -1.1854285005D-002 -3.3140091200D-003
 -1.1854285005D-002 -3.3140091196D-003 -8.3284041669D-002  1.6590688590D-001
  6.7062493987D-002 -4.3082385178D-002  5.4266337647D-012  1.6361305445D-001
  2.9798605986D-002 -1.8698002686D-002  4.1949218287D-012 -9.4664468673D-003
 -4.7898702702D-004  3.8632689333D-003  3.6530111626D-003  0.0000000000D+000
 -1.8096196913D-012  7.5382229309D-002  2.7653919676D-002  7.5382229303D-002
  2.7653919663D-002  8.1729773541D-002 -1.6240440815D-001  7.6071515112D-002
 -3.9450806796D-002  2.8681282259D-012 -1.5879170412D-001  2.8516417680D-002
 -1.6345974281D-002  0.0000000000D+000  7.1218109489D-003 -1.1902656471D-003
 -3.9367057576D-003 -6.2539284630D-003  0.0000000000D+000  0.0000000000D+000
 -7.4088508686D-002 -2.8248798880D-002 -7.5724059938D-002 -2.8653924528D-002
 -7.5724059931D-002 -2.8653924528D-002 -4.6682225972D-002  1.0606675073D-001
 -3.7828903308D-002 -6.1935533145D-002  0.0000000000D+000  1.2285585416D-001
 -2.1783931405D-002 -3.8185829366D-002  0.0000000000D+000  1.9378486260D-003
 -9.0957900206D-003  6.8045068682D-004 -1.6136782227D-003  0.0000000000D+000
  0.0000000000D+000 -2.9204191823D-002  6.8057745068D-002  1.3091351427D-001
  3.1597075706D-001 -1.6462967710D-012  9.0181650495D-002  6.1563945815D-002
  1.5964119300D-001 -1.1108395375D-012 -1.3257411846D-002  1.7545623978D-002
 -4.6736450324D-004 -1.8234225062D-002  0.0000000000D+000  0.0000000000D+000
  1.5769724387D-001  6.9224900853D-002
  3.6365646207D-002 -8.4599104344D-002 -1.7157665858D-001 -5.1146921463D-002
 -2.4102448299D-012 -6.4253935527D-002 -1.9874617183D-002 -1.6195116925D-003
 -1.1902182006D-012 -1.0792776174D-002  1.4020957847D-002  5.4083550118D-003
 -1.2896809849D-002  0.0000000000D+000  0.0000000000D+000 -4.9229018088D-002
  9.8230741906D-002  5.7897392369D-002  1.0510724227D-001  0.0000000000D+000
  1.1152536207D-001  3.0927305758D-002  5.0112547164D-002  1.8300422691D-012
 -7.4412077793D-003 -2.1720136381D-003  5.1964281277D-003 -7.0357152663D-003
  0.0000000000D+000  0.0000000000D+000  6.9708651738D-002  3.2406679846D-002
  6.9708651733D-002  3.2406679840D-002  1.0307471633D-001 -2.1013322866D-001
 -2.8660802928D-002  9.2399333644D-002 -8.4557156426D-012 -2.0554458384D-001
  9.0996357432D-003  3.2370139256D-002 -6.5426244793D-012  1.1260284426D-002
  2.4964806770D-003 -6.9505579354D-003  6.7583952897D-004  0.0000000000D+000
  2.5442615453D-012 -1.0551042280D-001 -3.9016363477D-002 -1.0551042280D-001
 -3.9016363458D-002 -6.7167934800D-002  1.3170593358D-001 -8.6799269204D-002
  6.6362652833D-002 -4.1065260178D-012  1.5342479117D-001 -2.1761994237D-002
  2.2148469094D-002 -1.7861887748D-012 -7.3954860836D-003  4.8363206414D-004
  4.5253965073D-003  7.3453605215D-003  0.0000000000D+000  0.0000000000D+000
  6.0228378637D-002  2.6480373270D-002  7.4897859932D-002  3.2498396929D-002
  7.4897859924D-002  3.2498396929D-002 -3.6975030330D-002  8.0192030780D-002
 -4.7130097162D-002 -5.0088655734D-002  0.0000000000D+000  1.2232576548D-001
 -2.4631984015D-002 -2.1442596354D-002  0.0000000000D+000 -6.9486769449D-004
 -7.7382129866D-003 -7.5664006630D-004 -3.9733885557D-003  0.0000000000D+000
  0.0000000000D+000  6.9565726837D-003 -1.5395518328D-002  5.4628637859D-002
  3.1099688261D-001 -1.5633580754D-012 -3.2133683978D-002  2.3393832353D-002
  1.5373599003D-001  0.0000000000D+000 -3.4337921366D-003  1.2914720945D-002
 -1.1231195472D-003 -1.7644581903D-002  0.0000000000D+000  0.0000000000D+000
  1.5180068344D-001  7.7370882866D-002
 -8.1326973488D-002  1.8445293495D-001 -2.4221703482D-001  4.2487593751D-002
  8.6657677574D-012  1.3774214126D-001 -8.2594254598D-002  4.2756293432D-002
  3.2926314590D-012 -1.3037942143D-002 -3.0566573756D-003 -4.4696182945D-003
  1.3717458634D-003  0.0000000000D+000  0.0000000000D+000  4.6625475532D-002
 -9.3760813574D-002  2.3618545469D-001 -1.9420849217D-001  7.4548383144D-012
 -1.1943480310D-001  9.1976301604D-002 -8.0180052273D-002  1.9442975436D-012
  1.3524251049D-002 -1.6733224790D-003 -1.2017404983D-002 -8.3719869244D-003
  0.0000000000D+000  0.0000000000D+000 -1.1478803011D-001 -6.8420651100D-002
 -1.1478803010D-001 -6.8420651083D-002 -3.5259916643D-003  4.6934599024D-003
 -9.5726436748D-003 -1.4626352562D-001  5.9376882025D-012  1.8795689957D-002
  1.4021984984D-003 -5.0718344768D-002  4.7040666801D-012  3.5726000979D-003
 -6.5292095499D-003  4.9500285511D-003 -5.0395609149D-003  0.0000000000D+000
  0.0000000000D+000  4.7808843221D-002  2.8179216439D-002  4.7808843219D-002
  2.8179216429D-002 -1.4644833412D-002  2.8693373253D-002 -7.4502113958D-002
 -5.3156171786D-002  1.8228111646D-012  4.0014158423D-002 -3.4035196355D-002
 -2.5660749901D-002  1.8502028350D-012 -2.3080245655D-003  3.1940231652D-003
 -6.8521033184D-004  1.0938272146D-003  0.0000000000D+000  0.0000000000D+000
  5.8923466015D-002  3.1543531114D-002 -1.1175265876D-004 -5.0571513304D-003
 -1.1175265694D-004 -5.0571513308D-003  3.8351637568D-002 -9.1943807364D-002
 -1.4858439942D-001  7.2582901648D-002  2.8203388442D-012 -1.0362029284D-001
 -7.9730456380D-002  4.9572426726D-002  1.3614457704D-012  9.5776680206D-004
  5.6628933461D-003 -2.7363989439D-003 -1.1922495346D-002  0.0000000000D+000
  0.0000000000D+000  3.5158989084D-002 -8.3859932420D-002 -1.1389348606D-001
  1.6768353490D-001  3.4554366982D-012 -1.1650410541D-001 -7.5967723809D-002
  8.3164133641D-002  2.1107878924D-012  1.1431087564D-002  7.7551902653D-004
 -3.8469558065D-003 -7.7788929385D-003  0.0000000000D+000  0.0000000000D+000
  8.0608062464D-002  3.8321247780D-002
  2.7443904396D-012 -5.8979356151D-012  4.5242929617D-012  0.0000000000D+000
  1.9253200939D-001 -3.3420713786D-012  3.7224178001D-012  0.0000000000D+000
  8.5343381390D-002  0.0000000000D+000  0.0000000000D+000  0.0000000000D+000
  0.0000000000D+000 -2.0104027596D-003  1.5116715117D-003 -2.2587040886D-012
  6.1965012699D-012 -7.1387256279D-012  6.7165315222D-012  3.0369849278D-001
  1.2102953826D-011 -2.2167423280D-012  1.5264848761D-012  1.3635901826D-001
  0.0000000000D+000  0.0000000000D+000  1.8034909510D-012  0.0000000000D+000
  6.5245132558D-004  1.1087288292D-002 -1.4138854998D-001 -1.0713432431D-001
  1.4138854998D-001  1.0713432430D-001  0.0000000000D+000  3.5760819494D-012
 -3.5369702365D-012  6.5548231359D-012  2.2430722504D-001  1.1091640166D-011
 -2.7014301926D-012 -2.0920754017D-012  8.9041195740D-002  0.0000000000D+000
  0.0000000000D+000  1.8897917233D-012  0.0000000000D+000  4.6359356909D-003
 -4.4184782341D-003 -9.8002888295D-002 -6.7696655734D-002  9.8002888277D-002
  6.7696655704D-002  0.0000000000D+000  0.0000000000D+000  6.1423178611D-012
 -2.8040467459D-012  1.2921469299D-001  0.0000000000D+000  3.8387244866D-012
 -1.3940595733D-012  5.4208016336D-002  0.0000000000D+000  0.0000000000D+000
  0.0000000000D+000  0.0000000000D+000  3.7825398712D-003  4.3180021699D-003
  0.0000000000D+000  0.0000000000D+000 -5.9378931120D-002 -4.3411418375D-002
  5.9378931114D-002  4.3411418375D-002 -1.9599772162D-012  4.3931627643D-012
  5.2570919754D-012 -6.1354390531D-012  1.2746898615D-001  7.1032925982D-012
  2.2423936240D-012 -3.6401980808D-012  6.7417639273D-002  0.0000000000D+000
  0.0000000000D+000  0.0000000000D+000  0.0000000000D+000 -2.3220674957D-003
  1.0625589702D-002  0.0000000000D+000  1.5671182809D-012  4.1530188947D-012
  0.0000000000D+000  1.3964751358D-001  0.0000000000D+000  3.1130815898D-012
  0.0000000000D+000  8.8858613751D-002  0.0000000000D+000  0.0000000000D+000
  0.0000000000D+000  0.0000000000D+000 -1.0505169220D-002  2.4365160632D-004
  0.0000000000D+000  0.0000000000D+000
 -3.2269794770D-002  8.2726871099D-002 -5.4261795650D-002 -2.6539648640D-001
  1.8147942300D-012  8.8839481883D-002 -2.3712604950D-002 -4.7862198567D-002
  0.0000000000D+000 -1.0208387848D-003 -8.8856676403D-003 -3.3100220219D-003
 -3.8894051608D-003  0.0000000000D+000  0.0000000000D+000 -1.1104852930D-002
  2.8883638482D-002 -9.2921261038D-002 -1.4819416097D-001  4.9957279350D-012
  1.7262996901D-002 -9.2165535919D-002 -8.9989025222D-002  1.4787275158D-012
  9.5204130440D-004  1.9826370555D-003 -4.7798913639D-003 -2.0893430194D-003
  0.0000000000D+000  0.0000000000D+000 -3.7800726001D-002 -2.7185532854D-002
 -3.7800725993D-002 -2.7185532845D-002  9.1734192722D-003 -1.4466374647D-002
  1.1198429769D-001  1.3141469164D-001 -3.7543388505D-012 -5.4708913115D-002
  2.9476852089D-002  3.6307561048D-002 -4.5251941114D-012  3.3566583905D-003
  1.1014954349D-004 -5.3655300597D-003  2.2304416265D-003  1.1599490470D-012
  1.1663110676D-012 -4.7662292684D-002 -4.3987035015D-002 -4.7662292680D-002
 -4.3987035002D-002 -3.5681028598D-003  7.6047090540D-003  1.5488368700D-002
  1.3823857930D-001 -1.0678630528D-011  1.2596446994D-002  5.4635035287D-003
  6.0510000587D-002 -6.2804692799D-012 -2.2910404287D-003 -2.6518198789D-003
  6.0027719427D-003 -5.8677268012D-004  0.0000000000D+000  0.0000000000D+000
 -5.7504874405D-002 -4.6547199592D-002  4.8805462717D-002  3.4702532027D-002
  4.8805462704D-002  3.4702532022D-002  7.8646476454D-002 -1.6218203067D-001
 -1.0591637364D-001  3.4101137455D-001 -2.8231956562D-012 -3.4863977830D-001
 -4.9997093096D-002  1.6388989018D-001 -2.1501667197D-012  5.4856111328D-003
  2.5840713610D-002  4.5083059643D-004 -8.2699920472D-003  0.0000000000D+000
  0.0000000000D+000 -3.4839147319D-002  7.6797098201D-002  2.5401623429D-001
 -2.3251695184D-003  3.9547157713D-012  1.3674999614D-001  1.5934006180D-001
 -2.9265105412D-003  2.4718324558D-012 -1.9316997256D-002  8.2977048713D-003
  2.4324684837D-003  7.6102671455D-003  0.0000000000D+000  0.0000000000D+000
 -2.4985127243D-002 -1.5171993798D-002
  3.9864801654D-012 -9.4148087536D-012 -2.6506267645D-012  2.0441665425D-011
  2.5108148868D-001  0.0000000000D+000  1.5587342871D-012  2.5203859338D-012
  1.2989849254D-001  1.0229637303D-012  0.0000000000D+000  1.3305088888D-012
  1.1322748502D-012  9.4061725302D-003 -1.9524616392D-003  0.0000000000D+000
  1.2239481463D-012 -1.8386486431D-012 -1.1866563028D-011  4.7669748018D-002
 -1.8235931231D-012  0.0000000000D+000 -3.7833925335D-012  2.2433305546D-002
  0.0000000000D+000  0.0000000000D+000  0.0000000000D+000  0.0000000000D+000
  1.0686110652D-002  4.1113178275D-003 -2.3185341874D-002 -2.3964707277D-002
  2.3185341864D-002  2.3964707268D-002  0.0000000000D+000 -3.4310391311D-012
  2.0263450336D-011 -1.4344845671D-012 -2.0714825414D-001 -1.1768576010D-011
  1.0064358844D-011  4.5767153110D-012 -1.0979790031D-001  0.0000000000D+000
  1.1376744224D-012 -1.7969541410D-012  0.0000000000D+000  4.6955519901D-003
  8.3669125116D-003  9.6390383084D-002  6.0356637394D-002 -9.6390383067D-002
 -6.0356637361D-002  1.7109061060D-012 -3.3921156364D-012 -7.2195421865D-012
  2.8082568621D-011 -2.5136426504D-001 -3.2009531720D-012 -4.1479646298D-012
  1.3569611654D-011 -1.1382901794D-001 -1.0474497388D-012  0.0000000000D+000
  2.0253131399D-012  0.0000000000D+000 -1.1440017544D-003 -1.0908483832D-002
 -1.0529069976D-011 -8.2302574258D-012  1.2296305997D-001  9.7023386018D-002
 -1.2296305994D-001 -9.7023386005D-002 -5.4188305358D-012  1.1380997465D-011
  2.3923814218D-012 -3.4932163085D-011  2.0688803235D-001  2.2943163408D-011
  0.0000000000D+000 -1.8915621871D-011  1.1435167628D-001  0.0000000000D+000
 -2.4840878172D-012  0.0000000000D+000  0.0000000000D+000 -1.8801246607D-003
  1.5780434117D-002  0.0000000000D+000  2.3623688373D-012 -1.6005598611D-012
 -7.0560431089D-012  2.7617377547D-001  2.5586081127D-012  0.0000000000D+000
 -2.5868155399D-012  1.8357169745D-001  0.0000000000D+000  0.0000000000D+000
  0.0000000000D+000  0.0000000000D+000 -1.7415863297D-002  9.5985056272D-004
 -4.0154420897D-012 -4.2084923813D-012
  5.3599455102D-003 -1.9125905012D-002 -3.8738436284D-002  1.8507996481D-001
 -2.9814852817D-011  1.1898513818D-002 -2.7311846853D-002  3.3669887425D-002
 -1.6601577348D-011  8.2059737333D-003 -2.0241802737D-003  8.0009983137D-004
  1.3881758053D-002 -1.8848342358D-012  0.0000000000D+000  1.1689822998D-002
 -1.6212452294D-002 -3.8498031664D-002 -2.0867783238D-001  8.9306327944D-012
 -6.5426930138D-002 -1.4227489483D-002 -7.6932109375D-002  3.4462460054D-012
  1.2311451795D-002 -5.5062698570D-003 -1.0171891236D-002  3.0540402391D-003
 -1.3936165876D-012  0.0000000000D+000 -9.2203501717D-002 -7.0216410739D-002
 -9.2203501699D-002 -7.0216410722D-002 -9.8969124967D-003  2.1046766046D-002
  1.2090391878D-001  1.3055699936D-001  1.7562252943D-011  2.9758344171D-002
  7.4045113581D-002  6.4243746407D-002  8.2511905747D-012 -8.5290493671D-004
  1.7472991130D-003 -4.2967456030D-003 -1.7360710231D-003  1.2345218056D-012
  0.0000000000D+000 -3.0838341252D-002 -1.9939851759D-002 -3.0838341230D-002
 -1.9939851738D-002 -2.7217899523D-003  2.5999828903D-003  1.0862035946D-001
  2.9093093040D-001  0.0000000000D+000  2.5208898579D-002  5.4270931436D-002
  1.3291097259D-001 -3.5481725160D-012 -7.6370739943D-003 -4.3467370091D-003
  1.2121955584D-002 -9.5521658264D-003  1.1356361868D-012  0.0000000000D+000
 -1.7304468178D-001 -1.4139208175D-001  9.8410729575D-002  7.5364642008D-002
  9.8410729568D-002  7.5364642012D-002 -3.8205414147D-002  7.5505838358D-002
 -7.2112763323D-003 -2.4732044656D-001 -2.4971005590D-011  1.8169066075D-001
 -8.0514869766D-003 -1.2598499787D-001 -1.3771586544D-011 -1.0861908576D-003
 -1.7061725616D-002 -5.3646502636D-004  6.8803611289D-004  0.0000000000D+000
 -2.2729611554D-012  9.5202801236D-003 -2.1195098254D-002 -1.6583968559D-001
 -1.4598897045D-002 -4.1239253429D-011 -2.4670818754D-002 -1.0673471765D-001
 -3.0354492190D-003 -2.7723448266D-011  1.0401561848D-002 -7.0551214750D-003
 -2.4351348682D-003 -3.5608978712D-003  2.2622163385D-012  0.0000000000D+000
  2.0348591565D-003 -2.2787224404D-002
  3.8052793453D-002 -9.3421244772D-002 -1.2864462769D-001  9.0217093251D-002
 -1.8518919356D-011 -3.5637937869D-002  2.8882410823D-002 -5.4605229472D-002
 -1.0347590819D-011  2.4579767152D-002 -1.2108920269D-002  5.4740790589D-003
  3.4567863844D-003 -1.3640387351D-012  0.0000000000D+000 -3.4920584233D-002
  7.2190315282D-002  5.1475601396D-002 -1.1552226534D-001  1.1018873808D-011
  1.5998019140D-001  3.3715945930D-002 -8.0244580076D-002  5.2556882478D-012
 -5.5651036215D-003  1.8614162675D-003 -1.9639815036D-003 -7.8793338416D-004
  0.0000000000D+000  0.0000000000D+000 -1.3876116710D-002 -2.2195395063D-002
 -1.3876116697D-002 -2.2195395050D-002  2.4167096379D-002 -4.9466450706D-002
  1.8569965082D-001 -9.5986725889D-002  8.6408554083D-012 -9.2770395594D-002
  7.7465871530D-002 -5.1067883360D-002  6.2981290527D-012  3.3022204717D-003
 -1.2936243472D-003  3.5541762184D-003  6.8655420320D-003  1.0421291304D-012
  0.0000000000D+000  2.2357586835D-002  2.9782071658D-002  2.2357586839D-002
  2.9782071652D-002 -1.0724371786D-004 -3.2247570882D-003 -2.4891290138D-001
 -9.3562118888D-003  4.7556404420D-012  1.2385078848D-002 -1.0880152045D-001
 -7.2574558317D-003  3.1889414426D-012 -1.8003631847D-003  4.3079649030D-003
  1.6072224133D-003  1.0219570526D-002  0.0000000000D+000  0.0000000000D+000
  1.2052735876D-001  9.9029221814D-002  1.5026528396D-002  1.1658224975D-002
  1.5026528401D-002  1.1658224980D-002 -2.8863955023D-002  6.5286112688D-002
 -4.6134761929D-002 -2.5469334282D-001 -1.5206386936D-011  8.2948945231D-002
 -3.5168889701D-002 -1.5777628972D-001 -8.2557597889D-012  7.1846422534D-003
 -1.7223639577D-002  2.9049668489D-003 -3.5160577003D-003  0.0000000000D+000
 -1.5523727686D-012 -5.7379341090D-002  1.2666624255D-001  3.0335637565D-001
 -1.7460344929D-001 -2.0976931660D-011  2.3877472261D-001  1.9820399284D-001
 -8.1881083046D-002 -1.4213468818D-011 -1.8419058643D-002 -7.3803620554D-003
  3.8591988789D-003  1.0906047316D-002  1.6082544682D-012  0.0000000000D+000
 -1.2903298464D-001 -9.3390588771D-002
  0.0000000000D+000  0.0000000000D+000  1.7949669484D-011 -1.4516232495D-011
 -1.5168503501D-001 -9.7155344493D-012  4.5983178401D-012  0.0000000000D+000
 -8.8724213328D-002 -1.1506102873D-012  1.3490666673D-012  0.0000000000D+000
 -1.3756100388D-012 -1.7282158314D-002  6.8612334791D-003  0.0000000000D+000
  2.3817327025D-012 -2.1890236095D-012  2.9119887290D-011  2.8331714182D-001
  9.5160361576D-012  2.6980270300D-012  1.4025993299D-011  1.4654186563D-001
 -2.0023754717D-012  0.0000000000D+000  2.6762966806D-012  0.0000000000D+000
 -2.6656752784D-003  1.9555376507D-002 -1.5729491369D-001 -1.2831585637D-001
  1.5729491370D-001  1.2831585637D-001  0.0000000000D+000  0.0000000000D+000
 -6.3743530903D-012 -1.8495594950D-011  8.2985086606D-004  5.4335514816D-012
 -6.5538236118D-012 -6.4421426459D-012  3.1394471433D-003  0.0000000000D+000
  0.0000000000D+000  0.0000000000D+000  0.0000000000D+000  1.0376182238D-002
  1.9863700707D-003  9.2039881105D-004  8.6829667188D-003 -9.2039879626D-004
 -8.6829667065D-003  2.5601010466D-012 -4.8965913722D-012 -9.8423354757D-012
 -1.2411810837D-011 -2.6053995455D-001 -1.0648172133D-011 -6.4106775110D-012
 -4.0887358793D-012 -1.2925104457D-001  0.0000000000D+000  0.0000000000D+000
  0.0000000000D+000  0.0000000000D+000  4.1740995190D-003 -1.4510352588D-002
  7.0954436844D-012  6.6736420235D-012  1.3786043847D-001  1.1384756492D-001
 -1.3786043848D-001 -1.1384756493D-001  2.1286072937D-012 -4.5111828564D-012
  1.2236312567D-011  2.5944797428D-011 -1.7734572987D-001 -8.0071793658D-012
  7.7950141887D-012  1.5403481891D-011 -1.0712792024D-001  0.0000000000D+000
  1.6703615514D-012  0.0000000000D+000  0.0000000000D+000  1.0158954151D-003
 -1.2015907185D-002  2.7692784598D-012 -5.7677513234D-012 -1.1065412523D-011
  8.4063722102D-012 -2.7260616725D-001 -1.3399148852D-011 -7.1019147041D-012
  3.4693269032D-012 -1.8727617246D-001  0.0000000000D+000  0.0000000000D+000
  0.0000000000D+000  0.0000000000D+000  1.4305709137D-002 -1.1955858124D-003
  7.0220977442D-012  7.5495545314D-012
 -1.0791261162D-002  2.1875505266D-002 -1.6058866507D-001  7.8707306002D-002
 -1.1600376105D-012  7.0408874499D-002 -2.7676676210D-002  3.1684540699D-002
 -1.2009552742D-012  7.9945316122D-003 -7.1308831344D-003  1.5607135812D-003
  3.4194387760D-003  0.0000000000D+000  0.0000000000D+000 -9.1530991059D-003
  2.1036980535D-002  5.5796166589D-002 -1.2190174617D-001 -5.1918149896D-012
  6.1817072395D-002 -1.9212637881D-003 -7.5704088160D-002 -1.9252144874D-012
  1.4987864107D-002 -1.0676509206D-002 -7.6158633882D-003 -4.7649656822D-003
  0.0000000000D+000  0.0000000000D+000 -5.5759141313D-002 -7.0045429312D-002
 -5.5759141315D-002 -7.0045429313D-002 -5.6359035820D-003  2.3030068965D-002
 -2.2304404945D-001  2.8254219828D-001  0.0000000000D+000 -4.1162785896D-002
 -8.3697313172D-002  1.0967537079D-001 -8.8084486397D-012  1.7450268726D-002
 -8.5851228401D-003 -1.5592623527D-002 -2.4707428991D-003  0.0000000000D+000
  0.0000000000D+000 -1.2303531091D-001 -1.0835489899D-001 -1.2303531089D-001
 -1.0835489894D-001 -2.3091002545D-002  4.7606881343D-002  2.3606253035D-001
 -2.4733701354D-001 -3.5739048738D-011  1.1161613855D-001  1.2457597838D-001
 -1.2810341585D-001 -1.5820095425D-011  1.2843678668D-002 -7.2636387458D-003
 -1.3943758119D-002 -2.6211790484D-004  0.0000000000D+000 -2.3588002631D-012
  2.3679489038D-002  1.1469787110D-002 -1.0017355120D-001 -1.0826109767D-001
 -1.0017355124D-001 -1.0826109772D-001 -1.2978274390D-002  2.4661215114D-002
 -9.3867169507D-002 -1.3542956631D-001  1.9990618822D-012  6.6478441418D-002
 -6.0316390151D-002 -7.5584463387D-002  1.7239918372D-012  1.6501675104D-003
 -8.9095630796D-003 -5.4907357232D-005 -7.4806438524D-003  0.0000000000D+000
  0.0000000000D+000 -2.1361988726D-002  4.8012065641D-002  1.2893176846D-001
 -5.4950367391D-002 -4.5730616065D-012  8.5066813566D-002  9.3369565858D-002
 -2.0772211618D-002 -3.4017987762D-012 -5.3630770808D-003 -4.0280866688D-003
  1.8703129302D-003  4.3682604369D-003  0.0000000000D+000  0.0000000000D+000
 -5.5594602018D-002 -5.5252593546D-002
 -8.2142059926D-003  1.6304824606D-002 -1.4015033663D-001  1.0542393414D-002
 -4.3289483509D-012  6.4273588842D-002 -1.3290097184D-002  5.9720926473D-004
 -2.4006632948D-012 -7.6906843467D-004 -1.4788202277D-003  2.2064033846D-003
 -6.4649189656D-003  0.0000000000D+000  0.0000000000D+000  2.4802030847D-002
 -5.7175852912D-002  2.5995305411D-001  1.9157705958D-001  1.5943495766D-011
 -6.6321941020D-002  1.1599439030D-001  8.5584112783D-002  7.0065439931D-012
  2.0796473087D-004  1.1707590861D-003  5.5969515420D-003 -1.0378140917D-002
  1.0509467754D-012  2.1867798735D-012  4.5840653455D-002  5.6729430039D-002
  4.5840653472D-002  5.6729430055D-002  5.6584220402D-003 -1.3176551358D-002
 -2.3749004262D-001 -1.9541964935D-001 -1.4629816909D-011 -3.9004360191D-002
 -8.4446989899D-002 -1.0491716138D-001  0.0000000000D+000 -8.2893501762D-003
  2.5979658264D-003  9.1681319254D-003 -1.6314969287D-002 -1.8907992396D-012
  0.0000000000D+000  6.4781113010D-002  6.7170540789D-002  6.4781112979D-002
  6.7170540741D-002 -6.5363209621D-003  1.1838386696D-002  2.0614500095D-001
  1.5589719593D-001  1.8780399876D-011  4.1634485246D-002  1.1720339955D-001
  6.8816405612D-002  6.5234288901D-012 -1.1779351486D-002  1.2903278136D-003
  7.6751162783D-003 -1.8163662855D-002  0.0000000000D+000  1.7803956563D-012
 -1.8293414217D-001 -1.7787843928D-001  5.8144129990D-002  6.0527906437D-002
  5.8144130009D-002  6.0527906463D-002  7.4935350825D-004 -7.1801197929D-004
 -1.1366123038D-001 -3.9320626564D-002 -1.0427776286D-011 -1.3525228361D-002
 -7.4655804616D-002 -3.1397086972D-002 -7.0254230802D-012  4.0352786047D-003
 -3.9500441217D-003  9.2258696893D-004 -7.9250511543D-003  0.0000000000D+000
  0.0000000000D+000 -2.4373590723D-002  5.1400330305D-002  2.4813196810D-001
 -7.2555873342D-002 -3.1877271650D-012  9.4244850369D-002  1.7131766502D-001
 -3.7022975820D-002 -2.1041913262D-012 -1.0763605311D-002 -3.3248824971D-003
  3.0580864714D-003  7.1924949337D-003  0.0000000000D+000  0.0000000000D+000
 -7.1061491867D-002 -3.5626617647D-002
  0.0000000000D+000  0.0000000000D+000 -1.5440121360D-012 -3.3675939181D-012
  2.5873882464D-002  0.0000000000D+000  0.0000000000D+000 -6.3701582866D-012
  1.8507690413D-002  0.0000000000D+000  0.0000000000D+000  0.0000000000D+000
  0.0000000000D+000  4.7995126789D-003 -9.0834474034D-003  3.4478364529D-012
 -9.1688035726D-012  1.9034300086D-011  1.9401500908D-011 -1.6354131006D-001
 -1.5067665668D-011  1.1064959961D-011  8.5608760190D-012 -6.1355555514D-002
  0.0000000000D+000  1.3545949479D-012  0.0000000000D+000  0.0000000000D+000
 -5.5259814848D-003 -2.1216391324D-002  1.1340716528D-001  1.3993639443D-001
 -1.1340716526D-001 -1.3993639440D-001 -3.7881456106D-012  7.8156895494D-012
 -1.0906431403D-012 -4.9544588834D-011  3.3334429223D-001  4.6369271390D-011
 -3.2758838503D-012 -3.1806953249D-011  1.5982422500D-001 -3.4681305299D-012
  0.0000000000D+000  5.8377735985D-012  0.0000000000D+000  6.5908920540D-003
 -2.8872291400D-002 -1.9712628591D-001 -1.9653902711D-001  1.9712628592D-001
  1.9653902708D-001  3.1252033946D-012 -7.1135090068D-012 -7.5423965841D-012
  2.1886329357D-011 -2.2700766384D-001 -1.2162370051D-011 -5.5261300674D-012
  1.0979009032D-011 -1.0256454201D-001 -1.4929928767D-012  0.0000000000D+000
  1.7130462592D-012 -1.6940395268D-012  1.0483213936D-002 -2.0775128279D-002
 -1.1934436658D-011 -1.2001540243D-011  1.4353974762D-001  1.5424207402D-001
 -1.4353974760D-001 -1.5424207400D-001  0.0000000000D+000 -1.3338289794D-012
 -2.6601881132D-012  3.9051661532D-012  9.2904718304D-002 -7.4594543412D-012
 -2.0973022530D-012  0.0000000000D+000  6.5453390139D-002  0.0000000000D+000
  0.0000000000D+000  0.0000000000D+000  0.0000000000D+000 -1.6610414864D-003
  4.8452186924D-003  0.0000000000D+000  0.0000000000D+000  1.2523683440D-011
 -2.9542868716D-012  1.3735263907D-002  5.5517028259D-012  7.0985397529D-012
 -2.3301352418D-012  5.1020887573D-003  0.0000000000D+000  0.0000000000D+000
  0.0000000000D+000  0.0000000000D+000  8.4659057323D-005 -1.0549874504D-003
 -2.6166012788D-012  0.0000000000D+000
  0.0000000000D+000 -1.9086981408D-012  0.0000000000D+000  2.2336558214D-012
 -1.4239141311D-001 -2.8664808695D-012  0.0000000000D+000  1.0277257199D-012
 -6.6794918340D-002  0.0000000000D+000  0.0000000000D+000  0.0000000000D+000
  0.0000000000D+000  1.0746463179D-002  3.8271315383D-002  0.0000000000D+000
  0.0000000000D+000  0.0000000000D+000  0.0000000000D+000  5.8879628731D-003
  2.2964292406D-012  1.6520743883D-012  0.0000000000D+000 -2.6562100922D-002
  0.0000000000D+000  0.0000000000D+000  0.0000000000D+000  0.0000000000D+000
 -2.9631651800D-003  3.3203177090D-003 -8.9382129008D-003 -4.6763571626D-002
  8.9382129002D-003  4.6763571624D-002  0.0000000000D+000  1.5052111152D-012
  0.0000000000D+000 -1.8642185092D-012  5.5757900693D-002  5.1967659130D-012
  0.0000000000D+000 -1.5957398217D-012  3.7830643069D-002  0.0000000000D+000
  0.0000000000D+000  0.0000000000D+000  0.0000000000D+000  7.1001089318D-004
 -3.1554193124D-003 -2.9870548677D-002 -5.5010974786D-003  2.9870548675D-002
  5.5010974723D-003  0.0000000000D+000  0.0000000000D+000  0.0000000000D+000
  0.0000000000D+000 -3.2860834646D-002  0.0000000000D+000  0.0000000000D+000
  0.0000000000D+000 -9.1806240447D-003  0.0000000000D+000  0.0000000000D+000
  0.0000000000D+000  0.0000000000D+000  1.8820778869D-003 -2.8534743152D-003
  0.0000000000D+000  0.0000000000D+000  2.0780841695D-002  2.7370101543D-002
 -2.0780841694D-002 -2.7370101543D-002 -1.2140853489D-012  2.4936853286D-012
  2.7500009431D-012 -2.1555856337D-012 -4.3867630067D-001  5.3936509699D-012
  2.0008571695D-012  0.0000000000D+000 -3.0542205106D-001  0.0000000000D+000
  0.0000000000D+000  0.0000000000D+000  0.0000000000D+000  5.6965615187D-003
 -2.4211641994D-002  0.0000000000D+000 -1.3914591918D-012 -2.6494030704D-012
  0.0000000000D+000  4.6885665614D-001 -1.7505183187D-012 -2.3235355735D-012
  0.0000000000D+000  3.6159194054D-001  0.0000000000D+000  0.0000000000D+000
  0.0000000000D+000  0.0000000000D+000 -2.0460356892D-002  1.1935122635D-002
  0.0000000000D+000  0.0000000000D+000
 -1.6185598911D-002  4.3303832764D-002 -6.4815165136D-002  5.4633343720D-002
  1.0162920023D-012  4.1947033421D-002  1.4715423142D-001  1.9587427362D-002
  0.0000000000D+000  1.1893328607D-002 -1.3197257794D-002  3.7645670897D-003
 -4.9258109516D-002  0.0000000000D+000  0.0000000000D+000 -2.6916203522D-002
  4.6901171403D-002  1.8080430120D-001 -1.2579936452D-001 -4.4919268655D-012
  2.4699182708D-001  1.4975138541D-001 -1.3237127015D-001 -3.8521195137D-012
  7.0435811831D-003 -7.1897569003D-003 -5.9000895411D-003 -9.5077991107D-004
  0.0000000000D+000  0.0000000000D+000 -4.3500234414D-002 -5.9321757404D-002
 -4.3500234415D-002 -5.9321757401D-002 -7.6058759535D-003  1.8503281196D-002
 -1.3242632924D-002 -1.4024531973D-002 -1.4061015480D-012  3.0315363504D-002
 -8.3961720912D-002  5.1677472994D-003 -2.0219650711D-012  1.5943252913D-003
 -4.1337747629D-003  5.6052573410D-004 -4.8127169964D-004  0.0000000000D+000
  0.0000000000D+000  4.7921604658D-003 -2.4255246920D-002  4.7921604642D-003
 -2.4255246917D-002 -4.9340558597D-003  1.3977036759D-002  3.0817256784D-002
  1.7520235298D-002  1.3846741614D-012 -2.2352614293D-002 -5.4017970327D-003
  2.2072709553D-002  0.0000000000D+000 -2.2924604643D-003 -3.0455176658D-004
  1.7318954474D-003 -3.0167879167D-003  0.0000000000D+000  0.0000000000D+000
 -2.4276464506D-002 -3.2747138919D-002  1.0115845989D-002  3.9980198850D-003
  1.0115845990D-002  3.9980198868D-003  6.5513876556D-004  2.1727699161D-004
  5.8195689075D-001  4.9753625373D-002  1.6297950291D-012 -1.9330480450D-002
  3.9155281845D-001  2.9071910188D-002  0.0000000000D+000 -5.1172687985D-003
  4.3116783968D-003  1.8295865080D-003  2.1464714818D-002  0.0000000000D+000
  0.0000000000D+000  2.1671355849D-002 -4.5212013811D-002  1.8178971137D-001
  1.0707952703D-001 -1.2813651826D-012 -1.7853998765D-001  1.5721330248D-001
  8.7986321541D-002 -1.0703278138D-012 -3.2545714570D-003  1.0354263662D-002
  3.8476056639D-003 -2.3696964364D-003  0.0000000000D+000  0.0000000000D+000
  3.1889603165D-002  5.8093496715D-002
 -2.4569282112D-012  5.4516782434D-012  0.0000000000D+000  4.8768565806D-012
  5.4733269616D-001  4.5171850299D-011  1.3415668218D-012  4.2727293181D-012
  4.8196415257D-001 -1.8810645929D-012 -1.6472752180D-012  2.5743629388D-012
  0.0000000000D+000 -1.6302655502D-002  2.2679118265D-002  5.5718194653D-012
 -6.9639320731D-012 -4.9086573535D-012 -7.6409533312D-012  2.7768650229D-002
 -7.3718673606D-011 -1.2381723361D-011 -1.9745740501D-011  2.8838579522D-001
  0.0000000000D+000  0.0000000000D+000  0.0000000000D+000  0.0000000000D+000
  2.8119573203D-002 -2.2479233746D-002  1.0439170244D-001  4.1708729009D-001
 -1.0439170243D-001 -4.1708729002D-001  0.0000000000D+000  0.0000000000D+000
  2.7531597933D-012  3.3893586859D-012 -7.2238485168D-003 -8.3094747755D-012
  1.7745993206D-012  6.0878075916D-012 -1.1812625676D-001  0.0000000000D+000
  0.0000000000D+000  0.0000000000D+000  0.0000000000D+000  1.7651455850D-003
 -1.7575405073D-003 -8.3224254905D-004 -3.6759220065D-002  8.3224254937D-004
  3.6759220075D-002  0.0000000000D+000  0.0000000000D+000  0.0000000000D+000
 -1.0822000138D-012  2.6819619142D-002 -9.9137663209D-012  2.8649157385D-012
 -2.5753509744D-012  7.3717177747D-002  0.0000000000D+000  0.0000000000D+000
  0.0000000000D+000  0.0000000000D+000 -2.0935926680D-003  1.1150919648D-003
  1.3137733169D-012  5.9162458065D-012 -9.8296122289D-003  5.1108285299D-002
  9.8296122276D-003 -5.1108285290D-002  0.0000000000D+000  0.0000000000D+000
  0.0000000000D+000 -6.4424068599D-012 -3.9349136574D-001 -1.2363084875D-011
  0.0000000000D+000 -1.0005085761D-011 -4.0459071103D-001  0.0000000000D+000
  0.0000000000D+000  0.0000000000D+000  0.0000000000D+000 -2.6685755166D-003
  4.8556774942D-003  1.9996756424D-012 -2.9013092936D-012  6.6932030471D-012
  0.0000000000D+000 -2.2520706758D-001 -2.5054155902D-011  1.0770392509D-011
  1.8281876964D-012 -2.3514302916D-001  0.0000000000D+000  0.0000000000D+000
  1.0404037005D-012  0.0000000000D+000 -9.6494197202D-003 -1.7711100583D-002
  1.2665407365D-012  1.5396047310D-011
 -8.9245919556D-003 -1.1739255377D-003  8.6335611183D-002  1.2180107633D-002
 -1.5985608313D-011  1.9367892883D-001  1.0460915348D-001 -1.9278850110D-001
 -1.6901898136D-011  1.6508657539D-003 -8.5784236952D-003  7.0579787526D-003
 -3.6581046818D-004  0.0000000000D+000  0.0000000000D+000  6.6266176951D-002
 -6.8770759676D-002  1.1707690618D-002 -1.2659592637D-001  4.4564820353D-012
 -9.6336381733D-001  2.3614455007D-001 -2.2598542685D-001  1.2332261490D-011
  7.3034189603D-003  7.1936966222D-003  3.3176115033D-003  1.0831823186D-002
  0.0000000000D+000  0.0000000000D+000 -1.1670181042D-002  5.2015500359D-001
 -1.1670181033D-002  5.2015500357D-001 -8.6439183054D-003  1.0835864120D-002
  6.3399178667D-002  6.7481821816D-002  0.0000000000D+000  1.5684399402D-001
  1.6390584240D-001  2.1447497532D-001  1.7616962220D-012  5.0745582585D-003
 -4.8176298235D-003  8.5957005513D-004 -2.1303152905D-003  0.0000000000D+000
  0.0000000000D+000 -1.3562762999D-002  3.2655762007D-002 -1.3562762999D-002
  3.2655761999D-002 -1.3492310794D-003  4.5584905623D-003  1.9090654570D-002
 -2.5611568291D-002  0.0000000000D+000 -2.4661351715D-002  2.4623526552D-002
 -7.1622391520D-002 -1.6351082503D-012  8.8086812189D-004 -2.7188998540D-003
  4.2037751194D-004  2.3189313535D-003  0.0000000000D+000  0.0000000000D+000
  1.1106682880D-002  1.1846185257D-002 -4.3274282407D-003  3.5418616876D-002
 -4.3274282410D-003  3.5418616879D-002  1.8911405848D-002 -2.0591979788D-002
 -5.8348001552D-002 -6.4098613591D-002  1.0044657255D-011 -2.7610869288D-001
 -4.0496202710D-002 -1.3648058127D-001  1.1337549654D-011  1.2369542308D-002
 -2.6499289947D-004  1.1342230165D-002  3.7574120960D-003  0.0000000000D+000
  0.0000000000D+000  7.4605139920D-002 -1.1134018991D-001  1.1447881037D-001
 -2.5877778728D-001  5.9572067571D-012 -8.7008709582D-001  1.6808125601D-001
 -4.0946646300D-001  7.0149381100D-012  2.1015689626D-002  2.1604633549D-002
  3.5475096249D-002  1.1610257536D-002  0.0000000000D+000  0.0000000000D+000
  1.3194578222D-001  1.2926853334D+000
 -2.4991441399D-002  9.0161962561D-003 -7.5486152624D-002  8.4999192940D-003
 -1.7917667218D-011  4.7364283984D-001 -1.5137147191D-002  9.6372901503D-002
 -2.8963446155D-011 -3.4309798562D-003 -7.5230403983D-003  4.9226970334D-003
  4.8625155478D-003  0.0000000000D+000  0.0000000000D+000  5.6334402521D-002
 -8.0916124540D-002 -4.1599737552D-002 -1.3309456481D-001  2.5756118446D-011
 -8.3329913092D-001 -3.0656104165D-001 -6.4157666717D-001  5.3110760751D-011
  4.3900493269D-003 -6.0407315601D-003  1.0998332337D-002 -1.3847980066D-002
 -2.8055032441D-012  0.0000000000D+000  1.9446295300D-002  7.1161870152D-001
  1.9446295297D-002  7.1161870138D-001  7.0205792360D-002 -8.6010371062D-002
 -4.9104839511D-002  6.7329398327D-002  3.9590124791D-011 -1.2058950388D+000
 -2.7997155044D-001  3.0299268254D-001  1.2037216271D-010 -1.0038757129D-004
  7.0617276916D-004  1.2560670626D-002  1.2947724187D-003  0.0000000000D+000
  1.7059859104D-012  9.3071994362D-003  6.0180248550D-001  9.3071994277D-003
  6.0180248522D-001  8.5565872142D-002 -1.0561786741D-001  9.2497324767D-002
 -8.1177614242D-002  7.3855762334D-012 -1.3770040428D+000  3.5822431906D-001
 -2.7676259280D-001  3.8618467376D-012  3.0179542253D-003  6.2208123796D-003
  1.0465025597D-002  7.7229470259D-003  1.0262814963D-012  0.0000000000D+000
  2.4966596755D-002  5.9462486395D-001  7.0774614780D-003  7.2047349352D-001
  7.0774614663D-003  7.2047349347D-001  1.1364873691D-002 -2.4643437563D-002
  7.1763142571D-002 -2.5714949707D-002  1.5276941103D-011 -1.0810624017D-001
  6.1682621392D-002 -7.3499537489D-002  1.6514719432D-011  6.3490144128D-004
 -3.9535519999D-003  5.7850660104D-003 -7.5866532500D-004  0.0000000000D+000
  0.0000000000D+000 -1.3845715926D-002  3.1544901309D-002 -2.8883723511D-002
  9.6942716424D-002  1.0729217809D-011  1.0053687005D-001 -2.1262657896D-003
  1.8888728824D-001  1.0574231540D-011 -4.6778078696D-003 -3.2136043917D-003
 -2.4134671326D-004 -4.7060946148D-003  0.0000000000D+000  0.0000000000D+000
 -4.6888602876D-002 -3.7770115788D-001
 -1.1777178070D-011  2.7525533361D-011  1.9378098050D-011  3.1389692771D-011
 -9.1355218401D-002  1.2203480744D-010  6.1582561520D-011 -5.3062624565D-011
 -2.6556442703D-001 -4.6077352069D-012  4.1866997605D-012  0.0000000000D+000
 -5.9282172820D-012 -4.1957476538D-003 -3.2369802290D-003 -2.1260682592D-011
  1.0803627836D-011 -2.2574671360D-011  9.3646702391D-011  3.0339235644D-001
  5.0920222605D-010 -1.2311601718D-011  2.1326567029D-010  7.7136639154D-001
  6.3008884455D-012 -8.0495829723D-012 -4.2249316788D-012  1.0501046176D-012
 -1.2556415283D-002 -4.0967825236D-003  3.2827913016D-002  9.2096957981D-001
 -3.2827913074D-002 -9.2096958058D-001  4.5560839599D-011 -3.2719085245D-011
  9.5771511403D-012  1.2373867240D-010  2.1917756129D-001 -8.1765061361D-010
 -6.6129514257D-012  2.5985422471D-010  4.7659343920D-001 -3.2896659885D-012
  1.0571692703D-011  4.0611216380D-012 -2.9158792285D-012 -1.1552279188D-004
  1.9963455205D-002  8.6207824693D-002  7.9070131332D-001 -8.6207824630D-002
 -7.9070131219D-001 -2.6839213376D-011  2.0332415453D-011  1.6638257275D-011
  1.1619965837D-010  2.1191011031D-001  4.9634845088D-010  7.8309975716D-011
  2.7322510194D-010  5.1523059340D-001  1.4593917378D-012 -5.3090530116D-012
 -3.5168550637D-012  5.9146270428D-012  7.7188910918D-003 -5.4430295827D-003
  2.0227818256D-011  2.1065210534D-010  3.8070258739D-002  6.7789686882D-001
 -3.8070258776D-002 -6.7789686968D-001  6.0561009976D-012 -1.3169974457D-011
 -1.7458504027D-012  3.1605663477D-012  8.4538715999D-002 -8.2510417334D-011
 -1.6590751280D-011 -3.6097935516D-011  1.0812201339D-001  0.0000000000D+000
 -3.9541734655D-012  2.0658066011D-012  2.3528267903D-012  1.3534446651D-003
  1.4725923632D-003  1.4890882881D-011 -2.8345080955D-011  3.6482677587D-011
 -1.2653875943D-011  7.6608448475D-002 -1.5637126734D-010  5.1970212996D-011
 -1.1374021348D-011  7.7180340756D-002  4.1424228536D-012  3.8554891118D-012
  3.0362048954D-012  2.3542856462D-012  3.8079190667D-003  1.9771803782D-003
  2.1037161847D-011  1.5743907642D-010
 -3.7128692688D-002  1.0256432542D-001  7.4758518453D-003  1.0371976224D-001
  5.5596210308D-011  3.3980636993D-001 -2.1240575158D-002  5.1322853037D-002
  1.3450224754D-010 -1.0494396204D-002  8.6493898511D-003  2.1925154503D-003
 -1.4676046266D-002  2.8651541649D-012  1.6424102139D-012 -4.7093707539D-002
  2.8870287087D-002 -5.0940325514D-002  2.0406718067D-001 -1.4874734013D-010
  1.1210245305D+000 -2.4879393709D-001  5.6685503808D-001 -4.1091169304D-010
  2.2621634670D-002 -1.3178045108D-002 -1.8390179910D-002  2.9121950801D-003
  4.2444585707D-012  0.0000000000D+000 -8.2021172126D-002 -9.2106562467D-001
 -8.2021172105D-002 -9.2106562377D-001  1.9590165030D-002 -4.3048902013D-003
 -2.6608022003D-002  1.5246990417D-001 -4.5008721799D-011 -4.3247576197D-001
 -2.9251298635D-001  1.3946713299D-001 -3.7786163197D-011 -1.7470482736D-002
  2.2242164923D-002  3.8641912506D-003  1.5248636157D-004  0.0000000000D+000
 -8.6571911899D-012  3.3964008284D-002  4.4378241519D-001  3.3964008349D-002
  4.4378241554D-001  7.1890874632D-002 -1.0111112594D-001  9.3634248797D-002
  1.7745171901D-001 -8.2928172206D-011 -1.0674031713D+000  2.8001042759D-001
  5.0884743849D-001 -2.2622213902D-010  1.3045200285D-002  2.3403647081D-003
 -6.6966828225D-004  7.6449926573D-003 -1.1349482852D-012  1.9251733309D-012
  5.1691098399D-002  1.2118640888D+000 -1.4851520079D-002  3.9005889936D-002
 -1.4851520058D-002  3.9005890461D-002  2.2400345788D-003 -8.1756520100D-003
 -4.3140046623D-002 -1.0951938094D-002 -3.7800467339D-011 -3.0658881811D-002
 -3.9974211285D-002 -2.9031994143D-002 -5.3804734660D-011 -2.6088257061D-003
 -4.3474774166D-003  5.8816461165D-004  2.2544341762D-003  0.0000000000D+000
  0.0000000000D+000  3.7249714604D-002 -7.6584379744D-002  1.0634436698D-001
 -4.6865171977D-002 -3.8694935072D-011 -3.8919091181D-001  1.5125719089D-001
 -8.8903438444D-002 -3.9206873508D-011  8.6875342068D-003  7.5661855852D-003
  5.3975267267D-003  9.4463180614D-003 -1.9474094624D-012 -1.5306466449D-012
  5.1333180006D-002  4.5568710831D-001
  1.5813209099D-002  1.6394727225D-002 -9.0884573549D-003  1.9719643110D-003
 -5.7646557947D-011 -4.1988100294D-001 -1.4267722625D-001  1.2307437714D-001
 -1.5215083447D-010  7.0759841608D-003  1.9287987956D-003 -4.3647219424D-003
 -1.6230116024D-003 -3.7877006259D-012  0.0000000000D+000 -2.9337098001D-002
  7.2225613425D-002  2.5044205458D-002 -1.5962551020D-002  1.6663200672D-010
  2.9295164179D-001  4.3043477048D-003  1.7459094780D-001  4.8140399621D-010
  1.2509223813D-003  5.5044828043D-003 -6.5120597274D-003  6.8157567651D-003
 -2.9102127280D-012  0.0000000000D+000 -1.7211044121D-002 -2.3881245304D-001
 -1.7211044142D-002 -2.3881245407D-001 -9.3210293476D-002  9.2467684607D-002
 -5.7556922314D-002 -1.2361264594D-001  2.2031580701D-011  1.6565464511D+000
 -2.6128306662D-001 -3.3558367333D-001 -7.6532932083D-011 -1.3517846914D-003
 -1.2471771003D-002 -7.9338594007D-003  1.2644074950D-002  0.0000000000D+000
  8.3590738796D-012 -4.6566486821D-002 -8.8799769532D-001 -4.6566486890D-002
 -8.8799769547D-001  1.1309250509D-001 -1.1467620211D-001  1.9159841840D-003
 -1.6357170423D-001  1.0200761791D-010 -1.9338127042D+000 -2.1600418066D-001
 -3.6102887315D-001  3.0686468548D-010  5.4458720429D-003  1.1843490169D-002
  9.2300217099D-003 -1.2951078403D-002 -1.2790541891D-012 -1.3639876397D-012
 -3.9803609774D-002  1.1584761027D-001  4.6659392894D-002  1.0700334908D+000
  4.6659392866D-002  1.0700334902D+000 -2.0815060769D-002  4.0283073753D-002
 -6.3569775884D-002  5.5670100248D-003  3.6590755512D-011  2.7653806927D-001
 -2.3247614235D-002  1.2750195134D-001  5.7182215771D-011 -6.9868552165D-003
  8.4474013621D-003 -8.3289223895D-003 -3.1963109319D-003  0.0000000000D+000
  0.0000000000D+000 -1.8102380537D-003 -4.2677895282D-003  3.4255905444D-005
 -6.1543742882D-002  4.1855776610D-011  4.8174987261D-002 -2.3860822037D-002
 -1.5185904707D-001  4.2034502609D-011 -6.9132486849D-004 -1.1148273853D-003
 -4.9703082334D-003  4.2545448800D-003  2.1916742043D-012  1.6436808903D-012
  1.9646852771D-002  1.7863470381D-001
 -2.5966015767D-002  3.0238177471D-002 -8.9343772747D-002  3.8961615865D-002
 -7.1587567706D-011  4.6043621054D-001 -2.1810607638D-001  2.3131489559D-001
 -1.4061333873D-010 -6.6365979333D-003 -2.1099164503D-003  2.8849924385D-003
  2.9474916070D-003 -4.9581641453D-012  0.0000000000D+000  8.1659521218D-002
 -1.1090608700D-001  3.9395899703D-002 -4.8869880994D-002  1.3500061691D-010
 -1.1884490187D+000 -2.0342804907D-001 -2.5373766308D-002  4.7101166187D-010
  1.5860381042D-002  8.3297655360D-003 -6.3330414410D-003 -3.0867824515D-003
  1.4160740819D-012  3.1115290256D-012  1.1768190875D-002  5.5676498777D-001
  1.1768190876D-002  5.5676498690D-001 -7.2507216761D-002  9.4442328058D-002
  5.7249369363D-002 -1.0587864599D-001 -9.2017502742D-011  1.1984679705D+000
  1.7152550780D-001 -6.5706817658D-001 -4.1999902012D-010 -1.3804616451D-002
  7.9221950160D-003 -6.8541295900D-003 -1.3423259229D-002  4.0781125748D-012
  2.0697902546D-012 -1.6149761828D-002 -8.4823522275D-001 -1.6149761830D-002
 -8.4823522206D-001  1.2762509957D-002 -1.6495335957D-002  1.3146462522D-001
  2.1753298770D-001  3.0370152870D-011 -1.3308709814D-001  5.2980047485D-001
  9.6690758280D-001  1.7669019928D-010  1.3243026589D-002  7.9140970453D-003
 -1.5832121568D-002  8.1562832265D-003 -6.3905087128D-012  2.8725981295D-012
  1.1127455956D-001  1.4059457356D+000 -5.1331780263D-002 -5.4458394795D-001
 -5.1331780242D-002 -5.4458394819D-001 -2.4056881382D-003  4.0458667575D-003
  2.6072275695D-002 -1.8151406872D-002  2.3817902252D-011  6.1806084651D-002
  5.5337690874D-002  9.5772172955D-003  5.2540166414D-011 -7.8213719275D-004
  1.6434274220D-003  3.1982752119D-004 -2.9177885728D-003 -2.5956776463D-012
 -2.0279322914D-012 -9.1330816106D-003  1.0785006478D-002  2.5810488234D-002
  6.8536099835D-002  3.8979145700D-011  9.6290352533D-002  4.0838034853D-002
  9.1963824197D-002  3.8058128220D-011 -3.0504164463D-003 -9.7399292461D-003
 -1.7816668235D-003 -1.2887200045D-003  2.3805799037D-012  2.7528230279D-012
 -5.6353473603D-002 -2.7535294903D-001
  2.2150747186D-012  0.0000000000D+000  7.2604810237D-012  0.0000000000D+000
 -7.9133537052D-002 -6.3819678162D-011  1.9134579281D-011 -1.6883867298D-011
 -2.2167249999D-001  0.0000000000D+000  1.3270917610D-012  0.0000000000D+000
 -1.2335352245D-012 -8.6757819694D-003 -1.6120342962D-003 -7.8380831717D-012
  1.2422832984D-011  1.2474523970D-012  1.2233345296D-011  2.4168659069D-001
  1.2580433005D-010  4.1147681979D-011  2.6431294846D-011  7.4311827447D-001
  0.0000000000D+000 -2.2908407113D-012  0.0000000000D+000  1.3072550664D-012
 -8.2214626372D-003 -1.2189564220D-002  6.4829658048D-002  8.4654088962D-001
 -6.4829658056D-002 -8.4654088978D-001  3.9691716147D-012 -2.3790444637D-012
 -8.1438826535D-012  2.2568894392D-011  2.5345459239D-002 -6.8675747366D-011
 -3.4264838125D-011  9.1092078513D-011  2.0233944014D-001  0.0000000000D+000
  0.0000000000D+000  1.0243302542D-012  0.0000000000D+000  2.9816062423D-002
  2.7562775816D-003 -5.2054482548D-003  1.2889333117D-001  5.2054482610D-003
 -1.2889333099D-001  0.0000000000D+000  5.6596522242D-012 -1.5053438303D-011
 -7.2232570597D-012 -3.3134973096D-001 -8.6149903237D-012 -7.2420881461D-011
 -4.3553139134D-011 -1.1918127546D+000  0.0000000000D+000  0.0000000000D+000
  1.4680471784D-012 -1.0614867767D-012 -1.6874104384D-003  1.7600564911D-002
 -7.1604981334D-012 -9.9453582245D-011 -9.5521470395D-002 -1.3060862597D+000
  9.5521470393D-002  1.3060862597D+000  0.0000000000D+000  1.1067498811D-012
 -4.9090764530D-012  4.3297677302D-012  3.4956198081D-002  7.2089318974D-012
 -7.8735845410D-012  5.7488951224D-012  7.9318105206D-002  0.0000000000D+000
  0.0000000000D+000  0.0000000000D+000  0.0000000000D+000 -3.2398102263D-003
 -7.5650043562D-004  1.0880475094D-012 -2.6749653321D-012  1.1340230668D-012
 -6.9379963277D-012  6.8051473785D-002 -6.8235821228D-012 -2.1724988318D-012
 -1.1211041254D-011  5.6282714484D-002  0.0000000000D+000  0.0000000000D+000
  0.0000000000D+000  0.0000000000D+000  4.0846502275D-003  2.2566220880D-003
  5.0884816080D-012  2.7527493116D-011
  0.0000000000D+000  4.3494396678D-012 -2.8098991652D-011  9.3255423995D-012
  1.5999555853D-001 -3.1751350476D-011 -9.6694950218D-011  1.2574896233D-010
  2.5920998502D-001 -3.2354766646D-012  0.0000000000D+000  0.0000000000D+000
  0.0000000000D+000  1.1976304605D-002 -2.3748381301D-003  3.0485111949D-011
 -3.1259406738D-011  3.5871712620D-011 -2.8478346324D-011 -2.4803141964D-001
 -5.5152731011D-010  7.1958160048D-011  2.4520156559D-011 -9.8763418337D-001
  5.5017814422D-012  5.5395760902D-012 -2.7670957045D-012  2.6475275911D-012
 -1.2558314285D-002 -1.2895091067D-002  1.9837450030D-002 -8.2356000702D-001
 -1.9837450011D-002  8.2356000748D-001 -5.1802099589D-011  7.3415804944D-011
  9.7966373099D-012 -4.0003575408D-011  3.6214124251D-001  8.9927585205D-010
  4.6262615143D-011 -1.3903439939D-010  1.4786195561D+000 -3.4210236427D-012
 -4.9532827220D-012 -1.4616773637D-012 -1.8037369150D-012 -4.8068552411D-003
  3.9512990279D-003  4.7445792621D-002  1.3514714180D+000 -4.7445792655D-002
 -1.3514714188D+000  1.7427339816D-011 -1.0430839901D-011  1.9138848401D-011
  2.8918874274D-011 -1.0325535273D-001 -3.0357569483D-010 -7.2798198371D-012
  2.3377188240D-010 -7.0296250550D-001  7.3361592446D-012  2.8935894333D-012
 -3.7907064394D-012 -2.0445868903D-012  2.3867418549D-002 -2.6920525620D-003
  2.5375972757D-011  3.1813607760D-010  1.1657027130D-002 -4.8997620577D-001
 -1.1657027153D-002  4.8997620571D-001 -8.2257016348D-012  1.7004994137D-011
 -7.5364855694D-012  2.9156626641D-012 -2.4548109348D-002  1.2266075704D-010
  9.6804202214D-012  5.4160959326D-011 -9.5679381547D-002 -2.4001639669D-012
  4.0229190967D-012 -2.0546661069D-012 -2.1226504807D-012  8.3229216793D-003
  6.7092702215D-003 -7.2396587232D-012  8.4818669760D-012  9.6411343320D-012
  1.7924640477D-011 -7.2388068009D-002  9.0896120401D-011  0.0000000000D+000
  9.2178149751D-012 -6.7644511908D-002 -1.2325302595D-012 -5.7236115878D-012
 -2.7094290158D-012  0.0000000000D+000 -5.0252001469D-003 -6.7772186427D-003
 -2.5407701047D-011 -1.2229412582D-010
  1.0974659388D-001 -1.5770419542D-001 -1.6320545859D-003 -2.0754254950D-001
  1.3631160603D-011 -1.5493316068D+000 -9.0723396532D-002 -4.6768125514D-001
  2.3848799785D-011  4.5849812403D-002 -2.7319270309D-003 -2.1473288832D-002
  7.4269272925D-003  0.0000000000D+000 -1.3029895601D-012 -8.3466271472D-002
  1.1188946004D-001  1.5864583692D-001 -1.6912267900D-001 -1.2182415927D-011
  1.3380804666D+000  2.0012545197D-001 -1.3619834160D-001 -5.0032809811D-011
 -3.0671856085D-002  2.1614996321D-002  2.5122615530D-003 -3.7234057103D-003
  0.0000000000D+000 -1.2583578594D-012  1.4089754503D-002 -2.5481144004D-001
  1.4089754492D-002 -2.5481143996D-001  8.5581442331D-002 -1.0862809725D-001
  1.0670852319D-001 -1.5827360125D-001  1.5830522187D-011 -1.3425302471D+000
  4.4191150204D-001 -7.3989348217D-001  9.2039832549D-011  3.1011286446D-002
 -2.9515394670D-003 -1.4735277007D-002 -4.8199155316D-003  0.0000000000D+000
  1.1311227750D-012 -4.5987383105D-002 -6.0773148536D-002 -4.5987383106D-002
 -6.0773148694D-002 -3.3249217193D-002  4.5438749730D-002  2.9516855651D-001
 -1.9453021261D-003 -1.0033775454D-011  4.6349033795D-001  1.1608461988D+000
 -1.3371717070D-001 -5.9306754578D-011 -2.5512770374D-002  1.2872890651D-002
  9.5140845374D-003  8.7018293015D-003  1.7067508504D-012  0.0000000000D+000
  1.1564202224D-002  7.1142413844D-001  4.2125628024D-002  7.2763764097D-002
  4.2125628022D-002  7.2763764195D-002 -1.1429002174D-002  6.1305363328D-003
  5.8658412823D-002  7.1526912593D-002 -5.4301775366D-012  1.6689673716D-001
  6.0795043766D-002  1.5404283166D-001 -9.9632511307D-012  2.5263846914D-003
 -1.0922675691D-003 -2.0417086572D-002  2.7828458704D-003  0.0000000000D+000
  0.0000000000D+000 -4.0726057935D-002  8.2775752531D-002 -1.9077100769D-001
 -1.8382206895D-001 -5.7909838620D-012  5.0951171341D-001 -3.6371136303D-001
 -3.7221840126D-001 -6.4660656802D-012 -8.4377033151D-003  2.5343990032D-003
 -1.4657334857D-002 -7.5560699494D-003  0.0000000000D+000  0.0000000000D+000
  7.2740036544D-002  2.9864719554D-001
GEOMETRY2
  6        2.22520681010000       -0.20637718890900       -0.00000000000000
  6       -0.36908352088100        1.04541732424000        0.00000000000000
  1       -0.49134931534200        2.29404018472000       -1.65933804597000
  1       -0.49134931534200        2.29404018472000        1.65933804597000
  6       -2.54841821327000       -0.85514616137100       -0.00000000000000
  1       -2.35733465676000       -2.08886952101000       -1.65217246679000
  1       -2.35733465676000       -2.08886952101000        1.65217246679000
  6       -5.14218130471000        0.42658411302600        0.00000000000000
  1       -6.66080817831000       -0.97979421126500       -0.00000000000000
  1       -5.39760534265000        1.62449942183000       -1.67285809203000
  1       -5.39760534265000        1.62449942183000        1.67285809203000
  8        2.58773568274000       -2.45350336239000       -0.00000000000000
  8        4.22863433212000        1.41666801132000        0.00000000000000
  1        3.62928406154000        3.15226832677000        0.00000000000000
HESSIAN 6-31G(d)
  42
  5.5259425082D-001
 -9.4922074849D-002  1.0462065203D+000
  7.4587709341D-012 -1.9837575821D-011  2.2019901543D-001
 -1.6183987949D-001  2.2932229841D-002 -8.7166209916D-012  4.6526925284D-001
  3.1916541544D-002 -9.4228155851D-002 -4.5617080661D-012  1.1794064363D-002
  5.3580247578D-001
 -7.5963417007D-012  3.3909046437D-012 -9.3193966051D-002  3.5438582959D-012
 -2.1679917154D-011  5.4913024721D-001
  1.4910268336D-003  1.8104329670D-002 -2.8514701082D-002 -5.0674507406D-002
  9.7225485987D-003 -1.6458537929D-002  5.5568354274D-002
 -8.8121121840D-005 -1.3100024443D-002  1.3959921754D-002  9.5288711329D-003
 -1.3277715182D-001  1.2063422264D-001 -8.7174186218D-003  1.4685610499D-001
  1.8561846759D-003  6.1899907910D-004  1.6112188188D-003 -1.3956313379D-002
  1.1879375269D-001 -2.0931972307D-001  1.5150705323D-002 -1.3201764888D-001
  2.2725338552D-001
  1.4910268407D-003  1.8104329674D-002  2.8514701094D-002 -5.0674507454D-002
  9.7225485937D-003  1.6458537926D-002  3.6786869853D-005 -1.8510840719D-003
 -2.4180633333D-003  5.5568354319D-002
 -8.8121129895D-005 -1.3100024437D-002 -1.3959921752D-002  9.5288711327D-003
 -1.3277715185D-001 -1.2063422263D-001 -1.8510840738D-003  1.2644355925D-002
  1.6122986837D-002 -8.7174186235D-003  1.4685610501D-001
 -1.8561846724D-003 -6.1899908260D-004  1.6112188238D-003  1.3956313375D-002
 -1.1879375267D-001 -2.0931972308D-001  2.4180633342D-003 -1.6122986832D-002
 -2.2446692482D-002 -1.5150705324D-002  1.3201764886D-001  2.2725338552D-001
 -3.1134349277D-002 -1.5706185979D-002 -3.4903500166D-012 -1.3353006095D-001
 -5.4189386531D-002  0.0000000000D+000  1.0750758507D-003  6.3861638218D-004
  4.8635408201D-004  1.0750758526D-003  6.3861638816D-004 -4.8635408316D-004
  4.6600266862D-001
  2.4926868477D-003  1.8792281142D-002  0.0000000000D+000 -5.4473091016D-002
 -1.3645083487D-001  9.2323939751D-012 -1.5310643549D-002 -1.4135879068D-002
 -1.2603677083D-004 -1.5310643551D-002 -1.4135879067D-002  1.2603677260D-004
 -1.8165790952D-002  5.4192779464D-001
  3.6741822443D-012  1.0460703730D-011 -1.7310856547D-003  1.3735944396D-012
  2.6048970176D-012 -8.0847727730D-002  2.1930515129D-002  1.8870277174D-002
  7.0517863268D-004 -2.1930515131D-002 -1.8870277172D-002  7.0517863582D-004
  6.9306746611D-012 -1.8497681770D-011  6.0566188548D-001
  8.1478624864D-004 -2.8602098485D-003 -1.0916552569D-003  2.6557303661D-004
 -1.5904323455D-002 -2.1583706872D-002  1.0024644667D-003  6.9436767244D-004
  3.1804707113D-004 -4.3097297286D-003 -3.6267579987D-003  5.0612926090D-005
 -4.9912955928D-002  1.3778677401D-002  1.9865801766D-002  5.9005122537D-002
  1.1340018937D-003 -1.2995291194D-003 -4.4583951017D-005 -6.6591338002D-004
 -1.4849583685D-002 -1.8828624524D-002  8.0720956614D-004  4.6509847573D-004
  1.1544526955D-005 -3.5429882409D-003 -2.4482016379D-003  2.6425316233D-004
  1.2868610804D-002 -1.3943290990D-001 -1.2220178130D-001 -1.3427063042D-002
  1.5170796390D-001
  6.4949432016D-004 -2.5859483235D-003  1.9664069049D-004 -7.5620964797D-004
  1.2209385155D-003  6.3780731040D-004 -5.2864293104D-004 -1.4713939619D-004
  9.0202607769D-004  3.2033970490D-004  4.9477137014D-004  1.5503167091D-003
  1.8022893867D-002 -1.2260849078D-001 -2.2120181490D-001 -2.1240988767D-002
  1.3513337492D-001  2.3547424939D-001
  8.1478624455D-004 -2.8602098507D-003  1.0916552578D-003  2.6557304070D-004
 -1.5904323467D-002  2.1583706883D-002 -4.3097297297D-003 -3.6267579998D-003
 -5.0612925663D-005  1.0024644675D-003  6.9436767201D-004 -3.1804707071D-004
 -4.9912956003D-002  1.3778677397D-002 -1.9865801761D-002  1.6063850505D-005
 -1.6412924590D-003  2.2052343384D-003  5.9005122617D-002
  1.1340018919D-003 -1.2995291217D-003  4.4583950335D-005 -6.6591338122D-004
 -1.4849583689D-002  1.8828624524D-002 -3.5429882398D-003 -2.4482016371D-003
 -2.6425316181D-004  8.0720956608D-004  4.6509847420D-004 -1.1544527444D-005
  1.2868610808D-002 -1.3943290995D-001  1.2220178129D-001 -1.6412924609D-003
  1.2456635384D-002 -1.5835452557D-002 -1.3427063040D-002  1.5170796396D-001
 -6.4949431863D-004  2.5859483180D-003  1.9664069099D-004  7.5620965151D-004
 -1.2209385149D-003  6.3780732168D-004 -3.2033970817D-004 -4.9477137272D-004
  1.5503167095D-003  5.2864293103D-004  1.4713939659D-004  9.0202607737D-004
 -1.8022893869D-002  1.2260849078D-001 -2.2120181495D-001 -2.2052343389D-003
  1.5835452547D-002 -2.2098039865D-002  2.1240988765D-002 -1.3513337489D-001
  2.3547424942D-001
 -9.6715872219D-004 -4.1555009348D-003  0.0000000000D+000 -3.0370939169D-002
  9.1003599016D-003 -5.4999580269D-012  1.8528552847D-003  1.2537292438D-003
 -2.1834254174D-004  1.8528552818D-003  1.2537292428D-003  2.1834254423D-004
 -1.7184009650D-001  4.6973702712D-002 -1.7058812810D-011 -3.9754940730D-003
  2.2518017824D-003  1.1782976210D-004 -3.9754940766D-003  2.2518017813D-003
 -1.1782976097D-004  5.0193218789D-001
 -1.5454167407D-003 -7.1016012504D-003  1.8052279240D-012 -2.1169754937D-002
  1.2497959751D-002 -1.5618719087D-012 -5.5723023354D-004  7.1065588429D-004
 -2.4232198017D-004 -5.5723023316D-004  7.1065588488D-004  2.4232197988D-004
  4.8618301657D-002 -1.0586334389D-001  1.4564207007D-011  1.8697342351D-002
 -8.6601691895D-003  1.4786887072D-003  1.8697342364D-002 -8.6601691867D-003
 -1.4786887093D-003  4.2219574488D-002  5.5902711640D-001
  0.0000000000D+000  0.0000000000D+000 -8.6074081449D-005  4.7653922293D-012
  4.0160202485D-012 -6.5283888949D-004  1.0769258817D-003 -3.2600754472D-004
  2.4183126008D-004 -1.0769258825D-003  3.2600754274D-004  2.4183125961D-004
 -5.4423749445D-012  1.2433015504D-011 -8.3327101442D-002  2.5992834957D-002
 -1.1252861642D-002  1.6125904201D-003 -2.5992834971D-002  1.1252861639D-002
  1.6125904308D-003  2.0981737088D-011 -2.4785278130D-011  5.7198382612D-001
  3.9044495212D-004 -2.5024165909D-003  0.0000000000D+000 -4.7218159702D-003
  5.2323054840D-003  0.0000000000D+000  2.4748329772D-004  1.4798542418D-004
  1.4183123584D-004  2.4748329801D-004  1.4798542388D-004 -1.4183123607D-004
 -2.1227198065D-002 -2.1538019671D-002 -1.8302471614D-012  1.0944590611D-003
 -1.1210803415D-004  5.8087162721D-004  1.0944590608D-003 -1.1210803442D-004
 -5.8087162705D-004 -1.8796730221D-001 -1.3263635089D-001  2.0412482068D-012
  2.0540006339D-001
  7.0550843479D-004  8.8711766708D-004  0.0000000000D+000  2.5964884382D-003
 -1.2182473871D-003  0.0000000000D+000  1.5206871474D-004  4.7198091642D-006
 -2.2282144030D-004  1.5206871479D-004  4.7198088693D-006  2.2282144058D-004
  1.3058741651D-002  1.2399809319D-002  0.0000000000D+000 -7.7034679847D-004
  7.1207522171D-004  2.2846360210D-005 -7.7034679944D-004  7.1207522154D-004
 -2.2846360359D-005 -1.3368600725D-001 -1.7559820348D-001  2.9131487864D-012
  1.4391863402D-001  1.8809024217D-001
  0.0000000000D+000  0.0000000000D+000  6.4621664891D-004  0.0000000000D+000
  0.0000000000D+000  4.4905392690D-004 -2.8555822484D-004 -3.1796880008D-004
  1.9072777889D-004  2.8555822511D-004  3.1796880025D-004  1.9072777932D-004
  3.2186900882D-012  0.0000000000D+000 -1.3015292005D-003  1.6320789792D-004
  3.5635929401D-004  6.5171020878D-005 -1.6320789892D-004 -3.5635929403D-004
  6.5171020689D-005  3.1354629316D-012  2.5855230529D-012 -4.9844923729D-002
  2.2348235266D-012  1.2125975904D-012  4.8161612981D-002
 -5.9011607340D-005  9.8198513487D-004  3.7458519991D-004  2.1161632199D-003
  9.6756635598D-004 -1.1794216411D-003 -3.8018920913D-004 -6.7822152353D-004
  5.8880584638D-004 -9.3773845436D-005 -5.6395524923D-005  2.5802257239D-006
 -3.7791050470D-003  1.7812967946D-002 -2.6835362463D-002  1.3299086893D-003
 -6.0502422463D-004  4.5134154880D-004 -5.6054202469D-003  2.5985670012D-003
  3.8920253922D-004 -5.2675981921D-002  1.5543444383D-002 -2.2851746289D-002
  3.4865238548D-003 -1.2810472247D-002  2.0966348243D-002  5.6390488599D-002
 -1.7715512164D-004 -3.1239876225D-004 -1.8916714804D-004 -9.3173572771D-004
  4.8644782980D-004 -5.5745254099D-004  5.0667639709D-004  6.0867785673D-004
 -5.1494143794D-005  5.7238127156D-005  5.3259545905D-005 -7.2042283754D-005
  1.6395670921D-003 -9.6622336883D-003  1.2523425725D-002 -5.1226932751D-004
  3.0689740653D-005 -9.6976473159D-005  3.1038016420D-003 -2.3841328461D-004
 -6.5469118453D-004  1.5629447469D-002 -1.3491187792D-001  1.1992721168D-001
  3.2539448827D-003 -1.2933990636D-002  1.8947572055D-002 -2.0333413616D-002
  1.4383763074D-001
 -1.3091926300D-004  4.3515045182D-005  2.2365522731D-004  3.4917200846D-004
 -1.5215763553D-004  2.5155332328D-004 -6.5046213546D-004 -2.1699256929D-004
  1.3217954747D-004 -4.5951166980D-006  9.8074610106D-005 -1.3905725429D-004
 -1.9005789428D-004 -8.0237599268D-004  1.3029238127D-003 -5.0710278585D-004
  5.3886441916D-006  8.0882212281D-004  4.0709984743D-004 -2.9502046614D-004
  1.6225507892D-003 -2.3157755209D-002  1.2018215038D-001 -2.2135190498D-001
  8.4703144406D-004 -1.0968719068D-003  8.0853717233D-004  2.5579057874D-002
 -1.3363326390D-001  2.3769962725D-001
 -5.9011607745D-005  9.8198513889D-004 -3.7458520047D-004  2.1161632175D-003
  9.6756635219D-004  1.1794216411D-003 -9.3773845660D-005 -5.6395525012D-005
 -2.5802254676D-006 -3.8018920924D-004 -6.7822152333D-004 -5.8880584595D-004
 -3.7791050439D-003  1.7812967947D-002  2.6835362465D-002 -5.6054202454D-003
  2.5985670032D-003 -3.8920253534D-004  1.3299086894D-003 -6.0502422338D-004
 -4.5134154894D-004 -5.2675981941D-002  1.5543444385D-002  2.2851746283D-002
  3.4865238570D-003 -1.2810472254D-002 -2.0966348251D-002 -5.1768748884D-004
 -2.5831790018D-003 -2.4606770951D-003  5.6390488615D-002
 -1.7715511866D-004 -3.1239876584D-004  1.8916714856D-004 -9.3173572827D-004
  4.8644782959D-004  5.5745254053D-004  5.7238127507D-005  5.3259545945D-005
  7.2042283463D-005  5.0667639707D-004  6.0867785636D-004  5.1494143866D-005
  1.6395670856D-003 -9.6622336862D-003 -1.2523425721D-002  3.1038016418D-003
 -2.3841328619D-004  6.5469118219D-004 -5.1226932704D-004  3.0689739615D-005
  9.6976473609D-005  1.5629447472D-002 -1.3491187793D-001 -1.1992721166D-001
  3.2539448840D-003 -1.2933990643D-002 -1.8947572059D-002 -2.5831790013D-003
  1.2756447453D-002  1.6125302604D-002 -2.0333413614D-002  1.4383763076D-001
  1.3091926792D-004 -4.3515048108D-005  2.2365523026D-004 -3.4917201186D-004
  1.5215763671D-004  2.5155332407D-004  4.5951168505D-006 -9.8074610179D-005
 -1.3905725431D-004  6.5046213579D-004  2.1699256931D-004  1.3217954825D-004
  1.9005789345D-004  8.0237599478D-004  1.3029238125D-003 -4.0709984691D-004
  2.9502046613D-004  1.6225507890D-003  5.0710278669D-004 -5.3886453878D-006
  8.0882212227D-004  2.3157755204D-002 -1.2018215037D-001 -2.2135190498D-001
 -8.4703144664D-004  1.0968719034D-003  8.0853717382D-004  2.4606770950D-003
 -1.6125302602D-002 -2.1252700793D-002 -2.5579057867D-002  1.3363326389D-001
  2.3769962724D-001
 -1.3555561132D-001  1.3008176154D-001  0.0000000000D+000 -7.0812539279D-004
  3.5557528708D-002  0.0000000000D+000 -4.0406806942D-003  3.4547368840D-003
  6.9079812425D-005 -4.0406806973D-003  3.4547368908D-003 -6.9079813047D-005
  1.2680136582D-003  2.5231206979D-003  1.1991126058D-012 -2.3889584081D-004
  2.7633869827D-004  6.6339375460D-004 -2.3889584023D-004  2.7633869796D-004
 -6.6339375689D-004  3.6818201026D-004  5.6914194516D-004  0.0000000000D+000
 -2.3406709758D-004 -1.9636316824D-004  0.0000000000D+000 -2.3706380902D-004
  1.6969467633D-004  6.5998366354D-005 -2.3706380903D-004  1.6969467471D-004
 -6.5998368864D-005  1.2524414454D-001
  1.4059487270D-001 -7.5860141143D-001  2.4708105569D-011  1.7156532402D-002
 -3.3078109415D-002 -4.1768339565D-012  2.6440591968D-003 -5.5211017333D-004
 -1.7221659176D-003  2.6440592009D-003 -5.5211017447D-004  1.7221659189D-003
 -4.9642747219D-003 -3.0894874109D-003 -3.3351541979D-012  1.5117689306D-003
  1.2130641140D-003  1.5890531090D-003  1.5117689322D-003  1.2130641149D-003
 -1.5890531062D-003  7.6219655011D-004  1.9036881913D-003  0.0000000000D+000
  6.8064165653D-004  2.6103823655D-005  0.0000000000D+000 -6.3297296447D-004
  2.0594876775D-004 -2.5085979509D-004 -6.3297296680D-004  2.0594877239D-004
  2.5085979621D-004 -1.1985433853D-001  8.7826384173D-001
 -3.3614175843D-012  1.3282647859D-011 -7.4125731439D-002  0.0000000000D+000
  2.5903818963D-012  2.5575799469D-002  3.8553823175D-003 -2.0200617880D-003
 -8.1585674991D-004 -3.8553823202D-003  2.0200617884D-003 -8.1585675113D-004
  1.5997035036D-012 -2.1666038133D-012 -1.6453849014D-003  5.7973284421D-004
  3.5387933955D-004  5.2462800396D-004 -5.7973284597D-004 -3.5387933664D-004
  5.2462800238D-004  0.0000000000D+000 -1.4071924515D-012  7.5490264869D-004
  0.0000000000D+000  0.0000000000D+000 -1.3336861406D-004  9.6317236367D-005
 -3.6329777347D-005 -7.8933837442D-005 -9.6317236480D-005  3.6329776059D-005
 -7.8933838695D-005  4.7380100358D-012 -1.7246616391D-011  3.0055526691D-002
 -2.4274521858D-001 -3.2248132089D-002 -7.6174951075D-012 -3.5903359561D-002
 -2.8629976011D-002  2.2970435583D-012 -7.0180818595D-004 -5.4520283873D-004
 -9.9347435909D-004 -7.0180818804D-004 -5.4520283978D-004  9.9347435899D-004
 -3.8109281430D-003  9.6658186436D-003  0.0000000000D+000  1.1899757876D-004
 -1.9709426560D-004 -1.5590118420D-004  1.1899757990D-004 -1.9709426400D-004
  1.5590118378D-004 -1.5124330646D-003 -3.7381546828D-003 -1.8136801025D-012
 -1.4864249668D-003  4.6766637634D-004  0.0000000000D+000  6.8529768022D-005
  2.3032945118D-004 -1.6012909896D-004  6.8529768330D-005  2.3032944913D-004
  1.6012909889D-004  2.4048942454D-002 -3.4031862257D-002  1.5052835811D-012
  3.6485838451D-001
 -9.8536175804D-002 -1.4391866840D-001  0.0000000000D+000  2.6987970499D-003
  7.1380214767D-003 -1.3992707406D-012 -1.5245927356D-003  1.1117823092D-003
 -8.7700844087D-004 -1.5245927367D-003  1.1117823076D-003  8.7700844077D-004
  7.3945445791D-004  7.6332440041D-005 -1.7812784108D-012  8.7904608294D-004
  2.2371401005D-004  4.9330110679D-004  8.7904608324D-004  2.2371401037D-004
 -4.9330110665D-004  2.6311013206D-004  2.1448112697D-004  0.0000000000D+000
  5.9611638148D-006 -5.5769112333D-005  0.0000000000D+000 -1.7285640762D-004
  1.0878566742D-004 -4.8195423264D-005 -1.7285640748D-004  1.0878566634D-004
  4.8195423236D-005 -4.8186154984D-002 -8.6655324668D-002  2.2246994484D-012
 -2.9532337950D-002  6.4826279926D-001
 -1.6190710024D-011  3.9580371178D-012 -4.7967823002D-002  4.8455626078D-012
 -2.4519254921D-012  1.4314464800D-002  3.3415229373D-003 -2.1635700999D-003
  9.3970693187D-004 -3.3415229385D-003  2.1635701002D-003  9.3970693291D-004
  1.7206253957D-012  1.0031740438D-012  2.7297321500D-003  3.0484754801D-004
  2.8375355892D-004 -9.0067875691D-005 -3.0484754834D-004 -2.8375356005D-004
 -9.0067874123D-005  0.0000000000D+000  0.0000000000D+000  8.8618506367D-005
  0.0000000000D+000  0.0000000000D+000 -9.9993665227D-005 -7.8255086322D-006
  3.2338120732D-006  6.6009314122D-006  7.8255090496D-006 -3.2338127882D-006
  6.6009298630D-006  0.0000000000D+000 -2.0049256286D-012  1.2764029539D-002
  1.0360488901D-011 -1.8076391046D-012  2.3939668965D-002
  1.4763918615D-002 -3.5931890813D-002  0.0000000000D+000 -1.6095299400D-003
 -3.5302042437D-004  0.0000000000D+000 -1.0733578108D-003 -1.5510503748D-004
 -9.7162128421D-004 -1.0733578112D-003 -1.5510503706D-004  9.7162128346D-004
 -4.9407900890D-004 -4.0430853349D-005  0.0000000000D+000  3.9512034261D-004
  2.5495389978D-004  5.9546143195D-005  3.9512034248D-004  2.5495389958D-004
 -5.9546142773D-005 -4.5198781343D-005  3.1554612922D-004  0.0000000000D+000
  1.8936754171D-004 -7.1678292008D-006  0.0000000000D+000 -4.3380957678D-005
 -5.2946945405D-005  1.3339059802D-005 -4.3380957913D-005 -5.2946945203D-005
 -1.3339059689D-005 -5.3981981700D-003 -7.3894781645D-003  0.0000000000D+000
 -1.0242040092D-001  1.7418415205D-001  0.0000000000D+000  9.6457357514D-002
  1.7556606533D-002 -3.2612177606D-002 -3.6596214702D-012  2.6022897987D-003
  3.8174658772D-003  0.0000000000D+000 -4.9017281815D-004  5.5871234963D-004
 -9.5574674273D-005 -4.9017281755D-004  5.5871235013D-004  9.5574674669D-005
  3.1555185686D-004 -1.3305059305D-003  0.0000000000D+000  7.7258853308D-005
  1.1956596664D-004  1.8634226110D-004  7.7258853129D-005  1.1956596655D-004
 -1.8634226046D-004  2.5260741836D-004  6.4268559757D-004  0.0000000000D+000
  2.5960028067D-004 -9.6661782959D-005  0.0000000000D+000 -3.1995310730D-005
 -2.8973314646D-005  4.1306415080D-005 -3.1995310576D-005 -2.8973315003D-005
 -4.1306415044D-005 -8.2962367099D-003 -5.0310620389D-004  0.0000000000D+000
  1.1907091331D-001 -4.2795043609D-001  2.4130230836D-012 -1.3087151393D-001
  4.5673412613D-001
  5.9643314057D-012  0.0000000000D+000 -7.8035813255D-003 -2.0790057591D-012
  0.0000000000D+000  2.0856922723D-003 -1.0194680280D-003  4.6080032472D-004
 -8.0524172258D-004  1.0194680287D-003 -4.6080032460D-004 -8.0524172310D-004
  0.0000000000D+000  0.0000000000D+000 -1.1513637504D-003 -2.3929714343D-004
 -2.1117504411D-004 -4.8798963791D-006  2.3929714351D-004  2.1117504414D-004
 -4.8798964177D-006  0.0000000000D+000  0.0000000000D+000  7.8557459244D-005
  0.0000000000D+000  0.0000000000D+000 -5.9402944427D-006 -3.4559908428D-005
  1.5276792444D-005 -3.3853310455D-005  3.4559908413D-005 -1.5276792430D-005
 -3.3853310705D-005  0.0000000000D+000 -2.9020791163D-012  7.4945516898D-003
 -5.0219953229D-012  2.9441326919D-012 -7.4811772920D-003  0.0000000000D+000
  0.0000000000D+000  8.4712110968D-003
