External AB INITIO PROGRAM: converted archive file
Jobname.Temp
   6  51  18  45   0   1  21   0 RB3LYP   6-31G(d)        NOOPTOPT FREQ        
GEOMETRY
  1     1.9396452    -0.0000000     2.9499501
  6    -0.0000000    -0.0000000     2.2315665
  1    -0.9698226    -1.6797820     2.9499501
  1    -0.9698226     1.6797820     2.9499501
  6     0.0000000     0.0000000    -0.5300959
  7    -0.0000000     0.0000000    -2.7226677
BASIS
   0   3   1   1   0
   0   1   4   1   0
   0   6   5   2   0
   1   3  11   2   0
   1   1  14   2   0
   2   1  15   2   0
   0   3  16   3   0
   0   1  19   3   0
   0   3  20   4   0
   0   1  23   4   0
   0   6  24   5   0
   1   3  30   5   0
   1   1  33   5   0
   2   1  34   5   0
   0   6  35   6   0
   1   3  41   6   0
   1   1  44   6   0
   2   1  45   6   0
  1.8731137000D+001
  2.1493541833D-001  0.0000000000D+000  0.0000000000D+000  0.0000000000D+000
  2.8253937000D+000
  3.6457112721D-001  0.0000000000D+000  0.0000000000D+000  0.0000000000D+000
  6.4012170000D-001
  4.1505142766D-001  0.0000000000D+000  0.0000000000D+000  0.0000000000D+000
  1.6127780000D-001
  1.8138068393D-001  0.0000000000D+000  0.0000000000D+000  0.0000000000D+000
  3.0475249000D+003
  5.3633438234D-001  0.0000000000D+000  0.0000000000D+000  0.0000000000D+000
  4.5736951000D+002
  9.8945060758D-001  0.0000000000D+000  0.0000000000D+000  0.0000000000D+000
  1.0394869000D+002
  1.5972822308D+000  0.0000000000D+000  0.0000000000D+000  0.0000000000D+000
  2.9210155000D+001
  2.0791870615D+000  0.0000000000D+000  0.0000000000D+000  0.0000000000D+000
  9.2866630000D+000
  1.7741742532D+000  0.0000000000D+000  0.0000000000D+000  0.0000000000D+000
  3.1639270000D+000
  6.1257982601D-001  0.0000000000D+000  0.0000000000D+000  0.0000000000D+000
  7.8682724000D+000
 -3.9955635160D-001  1.2960827175D+000  0.0000000000D+000  0.0000000000D+000
  1.8812885000D+000
 -1.8415523929D-001  9.9375362822D-001  0.0000000000D+000  0.0000000000D+000
  5.4424930000D-001
  5.1639037938D-001  4.9595271376D-001  0.0000000000D+000  0.0000000000D+000
  1.6871440000D-001
  1.8761787212D-001  1.5412755095D-001  0.0000000000D+000  0.0000000000D+000
  8.0000000000D-001
  0.0000000000D+000  0.0000000000D+000  1.1138249281D+000  0.0000000000D+000
  1.8731137000D+001
  2.1493541833D-001  0.0000000000D+000  0.0000000000D+000  0.0000000000D+000
  2.8253937000D+000
  3.6457112721D-001  0.0000000000D+000  0.0000000000D+000  0.0000000000D+000
  6.4012170000D-001
  4.1505142766D-001  0.0000000000D+000  0.0000000000D+000  0.0000000000D+000
  1.6127780000D-001
  1.8138068393D-001  0.0000000000D+000  0.0000000000D+000  0.0000000000D+000
  1.8731137000D+001
  2.1493541833D-001  0.0000000000D+000  0.0000000000D+000  0.0000000000D+000
  2.8253937000D+000
  3.6457112721D-001  0.0000000000D+000  0.0000000000D+000  0.0000000000D+000
  6.4012170000D-001
  4.1505142766D-001  0.0000000000D+000  0.0000000000D+000  0.0000000000D+000
  1.6127780000D-001
  1.8138068393D-001  0.0000000000D+000  0.0000000000D+000  0.0000000000D+000
  3.0475249000D+003
  5.3633438234D-001  0.0000000000D+000  0.0000000000D+000  0.0000000000D+000
  4.5736951000D+002
  9.8945060758D-001  0.0000000000D+000  0.0000000000D+000  0.0000000000D+000
  1.0394869000D+002
  1.5972822308D+000  0.0000000000D+000  0.0000000000D+000  0.0000000000D+000
  2.9210155000D+001
  2.0791870615D+000  0.0000000000D+000  0.0000000000D+000  0.0000000000D+000
  9.2866630000D+000
  1.7741742532D+000  0.0000000000D+000  0.0000000000D+000  0.0000000000D+000
  3.1639270000D+000
  6.1257982601D-001  0.0000000000D+000  0.0000000000D+000  0.0000000000D+000
  7.8682724000D+000
 -3.9955635160D-001  1.2960827175D+000  0.0000000000D+000  0.0000000000D+000
  1.8812885000D+000
 -1.8415523929D-001  9.9375362822D-001  0.0000000000D+000  0.0000000000D+000
  5.4424930000D-001
  5.1639037938D-001  4.9595271376D-001  0.0000000000D+000  0.0000000000D+000
  1.6871440000D-001
  1.8761787212D-001  1.5412755095D-001  0.0000000000D+000  0.0000000000D+000
  8.0000000000D-001
  0.0000000000D+000  0.0000000000D+000  1.1138249281D+000  0.0000000000D+000
  4.1735110000D+003
  6.7900795717D-001  0.0000000000D+000  0.0000000000D+000  0.0000000000D+000
  6.2745790000D+002
  1.2504643275D+000  0.0000000000D+000  0.0000000000D+000  0.0000000000D+000
  1.4290210000D+002
  2.0203691378D+000  0.0000000000D+000  0.0000000000D+000  0.0000000000D+000
  4.0234330000D+001
  2.6442129843D+000  0.0000000000D+000  0.0000000000D+000  0.0000000000D+000
  1.2820210000D+001
  2.2650039968D+000  0.0000000000D+000  0.0000000000D+000  0.0000000000D+000
  4.3904370000D+000
  7.7918723086D-001  0.0000000000D+000  0.0000000000D+000  0.0000000000D+000
  1.1626358000D+001
 -5.1587381029D-001  2.0680595460D+000  0.0000000000D+000  0.0000000000D+000
  2.7162800000D+000
 -2.5502391857D-001  1.6100106206D+000  0.0000000000D+000  0.0000000000D+000
  7.7221800000D-001
  6.7273441626D-001  7.6448998766D-001  0.0000000000D+000  0.0000000000D+000
  2.1203130000D-001
  2.2269479901D-001  2.0508790938D-001  0.0000000000D+000  0.0000000000D+000
  8.0000000000D-001
  0.0000000000D+000  0.0000000000D+000  1.1138249281D+000  0.0000000000D+000
ENERGY
 -1.3275492953D+002   0.0000000000D+00
WAVEFUNC   6-31G(d)   QCHEM 
 -1.4333145567D+001 -1.0240494846D+001 -1.0231726732D+001 -9.0255586414D-001
 -7.7679874220D-001 -5.1684163327D-001 -4.6477403983D-001 -4.6477400821D-001
 -3.5825558170D-001 -3.2642046823D-001 -3.2642046628D-001  3.6638584894D-002
  3.6638624169D-002  8.3736643607D-002  1.6036979060D-001  1.6037008633D-001
  1.8462965504D-001  2.8385311760D-001  5.2795337616D-001  5.2795364811D-001
  5.7767164616D-001                                                         
  3.4084096312D-005  7.7943810613D-005  3.2880565464D-005 -8.5207471757D-005
 -4.0772021222D-012  0.0000000000D+000 -2.3919769988D-004 -1.2857161558D-003
  4.9514470431D-012  0.0000000000D+000  2.9580129154D-004  5.2037619862D-005
  5.2037631851D-005  5.0970881336D-004  0.0000000000D+000 -5.5446355422D-012
  0.0000000000D+000  3.4084088618D-005  7.7943823594D-005  3.4084088618D-005
  7.7943823596D-005  4.9985520266D-005  1.8472218000D-004 -7.1443930886D-012
  0.0000000000D+000  7.1042435199D-004 -1.9415128155D-003 -2.4750698183D-011
  0.0000000000D+000  2.2529285478D-003  4.5605551923D-005  4.5605555480D-005
 -1.6712545353D-003  0.0000000000D+000  2.6701251475D-012  0.0000000000D+000
  9.9278175164D-001  3.4554964801D-002 -1.5632881624D-010  0.0000000000D+000
  2.2500935731D-003  6.3415995131D-003  7.9057219779D-011  0.0000000000D+000
  1.0790467547D-003 -8.3460228452D-003 -8.3460228633D-003 -7.0031587748D-003
  0.0000000000D+000 -4.9393223655D-012  0.0000000000D+000
  3.6301522784D-005  2.7227257424D-003  9.9275447642D-001  5.0179651515D-002
  4.0238664079D-009  0.0000000000D+000 -4.7272138247D-004 -1.9307451017D-002
 -5.2738872050D-009  0.0000000000D+000  2.1292242578D-003 -9.1293699835D-003
 -9.1293731657D-003 -9.0730855076D-003  0.0000000000D+000 -2.7380939007D-010
  0.0000000000D+000  3.6303618820D-005  2.7227208987D-003  3.6303618825D-005
  2.7227208987D-003  1.8147878583D-002  6.8042005152D-004 -2.4712242591D-010
  0.0000000000D+000 -2.7674884671D-004  5.0738218295D-003  1.3880199283D-009
  0.0000000000D+000  4.5671991612D-003 -3.6758941147D-004 -3.6758926503D-004
 -1.0093688401D-003  0.0000000000D+000 -7.2784573577D-010  0.0000000000D+000
 -6.1169289264D-006  9.7897459568D-005 -8.4915420748D-011  0.0000000000D+000
  2.1466706454D-004  1.7255510146D-003 -6.2604432659D-010  0.0000000000D+000
  2.0730949448D-004 -2.4279422541D-005 -2.4279437698D-005  1.0234049726D-004
  0.0000000000D+000 -3.6192015451D-010  0.0000000000D+000
 -3.0102904482D-004  1.4307074055D-004 -1.8543846431D-002 -1.4088597344D-003
 -1.2488780827D-010  0.0000000000D+000  5.2908616196D-004  1.0466470093D-002
  6.9506998076D-010  0.0000000000D+000 -4.6369446598D-003 -4.3202588183D-005
 -4.3202798054D-005 -8.3061822577D-004  0.0000000000D+000 -8.1313338834D-011
  0.0000000000D+000 -3.0102884287D-004  1.4307133637D-004 -3.0102884287D-004
  1.4307133636D-004  9.9244813818D-001  4.9698520479D-002 -2.6977631417D-009
  0.0000000000D+000  2.2579137238D-004 -5.3400716060D-003  9.4593460282D-010
  0.0000000000D+000 -1.2577254144D-002 -1.0239669452D-002 -1.0239668923D-002
 -8.1111188497D-003  0.0000000000D+000  2.4252888682D-010  0.0000000000D+000
 -4.5289841524D-004  4.5971008673D-004  2.1136124356D-010  0.0000000000D+000
 -3.4617206935D-004 -1.1528636957D-002 -1.0367906102D-010  0.0000000000D+000
 -4.2319642349D-003  3.3647926836D-004  3.3647915709D-004  1.7120165996D-004
  0.0000000000D+000  4.1718583148D-010  0.0000000000D+000
  1.9788377963D-002 -7.0899989493D-004 -3.9104888546D-002  7.7840854022D-002
  1.0705104439D-008  0.0000000000D+000 -3.4095156330D-002 -3.2433827768D-002
 -3.3241235099D-007  0.0000000000D+000  3.5979510479D-002 -1.1083016274D-003
 -1.1082624519D-003  6.2109871664D-003  0.0000000000D+000  1.0145989196D-009
  0.0000000000D+000  1.9788319272D-002 -7.0914143128D-004  1.9788319272D-002
 -7.0914143122D-004 -1.5971145771D-001  2.9745644044D-001  3.0795533010D-009
  0.0000000000D+000 -1.8319666388D-001  1.0042139022D-001  1.7817791604D-007
  0.0000000000D+000  1.4643893701D-001 -2.0452589391D-002 -2.0452619372D-002
  1.4220718670D-002  0.0000000000D+000  4.1805690403D-008  0.0000000000D+000
 -1.7748782632D-001  3.4931161325D-001 -1.9391166500D-009  0.0000000000D+000
  1.9566114448D-001  4.3692089857D-001 -6.7622115881D-008  0.0000000000D+000
  8.9657264662D-002 -1.8293855023D-002 -1.8293852278D-002  9.2093940586D-003
  0.0000000000D+000 -2.5110929161D-009  0.0000000000D+000
  1.1519880683D-001  2.1305152089D-002 -1.8851202634D-001  3.6558971202D-001
 -2.8608920426D-008  0.0000000000D+000 -3.9914330966D-002  3.6491427338D-001
 -1.1842304711D-006  0.0000000000D+000 -1.5606389954D-002 -1.8241308297D-004
 -1.8224126669D-004 -2.3537666153D-003  0.0000000000D+000 -3.3190043437D-008
  0.0000000000D+000  1.1519871281D-001  2.1304411965D-002  1.1519871281D-001
  2.1304411965D-002 -3.9499400924D-002  8.3931264309D-002  1.1595994942D-007
  0.0000000000D+000  2.3188533976D-001  6.1600446816D-002  1.6402040293D-007
  0.0000000000D+000 -1.4348400127D-002 -2.1513179454D-003 -2.1513750344D-003
  1.1902819787D-002  0.0000000000D+000  9.1148765024D-008  0.0000000000D+000
  6.4038033253D-002 -1.3084435120D-001  1.2809093242D-008  0.0000000000D+000
 -5.7383492428D-002 -1.5301309097D-001 -1.5485685185D-008  0.0000000000D+000
 -1.9171673824D-002  6.4986575466D-003  6.4986604525D-003 -2.4535655404D-003
  0.0000000000D+000  1.5299793638D-008  0.0000000000D+000
  1.1918348038D-001  7.1385589601D-002 -4.0688409703D-002  8.2072314172D-002
 -4.1242827059D-007  0.0000000000D+000  4.0192805886D-001  6.7214030607D-002
  2.6525952708D-007  0.0000000000D+000  1.7985663526D-001  1.4231061908D-002
  1.4231166872D-002 -2.4954005229D-002  0.0000000000D+000 -8.6912887549D-008
  0.0000000000D+000  1.1918389185D-001  7.1385856468D-002  1.1918389185D-001
  7.1385856468D-002  1.1490844865D-001 -2.4963052392D-001 -3.5459311275D-007
  0.0000000000D+000 -2.6943413607D-001 -2.4203372653D-001 -7.3090488297D-007
  0.0000000000D+000 -1.5187556122D-002  6.2570109145D-003  6.2570962602D-003
  4.9148294754D-003  0.0000000000D+000 -8.5787272757D-008  0.0000000000D+000
 -6.2775944484D-002  1.2958263833D-001 -2.0898753329D-007  0.0000000000D+000
 -2.6077779056D-002  2.1278612803D-001  1.4843649032D-007  0.0000000000D+000
 -8.4662065475D-003 -4.3233623976D-003 -4.3233660983D-003 -9.3792092572D-003
  0.0000000000D+000 -1.2726309879D-008  0.0000000000D+000
  1.1496039534D-007  8.2824510981D-008  0.0000000000D+000  0.0000000000D+000
  2.0129236274D-007  4.3848987647D-001  0.0000000000D+000  0.0000000000D+000
  9.4321947614D-008  2.0546691501D-001  0.0000000000D+000  7.8327819346D-009
 -7.8326266655D-009  0.0000000000D+000 -1.9701878546D-002  3.1293372907D-009
  6.8169453421D-003 -2.1687544134D-001 -1.5625104140D-001  2.1687532638D-001
  1.5625095857D-001  0.0000000000D+000  0.0000000000D+000  7.8722438351D-008
  1.7148647083D-001  0.0000000000D+000  1.1340771490D-012  3.2429289186D-008
  7.0644156391D-002  0.0000000000D+000  4.9599429755D-010 -4.9589769866D-010
  0.0000000000D+000 -1.2473889257D-003  4.0028615438D-009  8.7196978366D-003
  0.0000000000D+000  0.0000000000D+000  4.2538261042D-008  9.2664203939D-002
  0.0000000000D+000 -1.0947905977D-012  1.8912111636D-008  4.1197200298D-002
  0.0000000000D+000 -4.3105248640D-012  4.3923491613D-012  0.0000000000D+000
  1.0943045493D-005  4.6478169209D-009  1.0124630552D-002
  2.5042633808D-001  1.8042222092D-001 -3.6891005755D-008  9.6373800133D-007
  4.3848945605D-001 -2.0129244480D-007  2.3179224510D-007 -1.6577046322D-006
  2.0546891530D-001 -9.4321274433D-008  9.3214752347D-007  1.7062615144D-002
 -1.7062098017D-002 -2.6467752367D-008  9.0443380076D-009  6.8168178588D-003
 -3.1293630357D-009 -1.2521251317D-001 -9.0210683554D-002 -1.2521271229D-001
 -9.0210827011D-002  8.3523486836D-008 -5.2757009305D-008  1.7148662357D-001
 -7.8722252457D-008  1.4703261288D-007  1.9026954961D-006  7.0643027441D-002
 -3.2429846858D-008 -1.0955975155D-006  1.0804349401D-003 -1.0801993980D-003
  2.9420833515D-007  5.7261296158D-010  8.7197374955D-003 -4.0028596507D-009
 -3.3777355972D-009  2.2087960754D-007  9.2664142441D-002 -4.2538300793D-008
 -1.1791782869D-007 -1.8090395357D-006  4.1197609248D-002 -1.8911912675D-008
 -8.0205747043D-007 -9.4049796818D-006  9.5573363212D-006 -4.8600301085D-008
 -5.0234443977D-012  1.0124678658D-002 -4.6477975187D-009
  2.1712557825D-002  2.3225143137D-002  1.3628050330D-002 -2.4318336688D-002
  1.6824380951D-008  0.0000000000D+000  1.2609071141D-001 -1.7768445274D-001
  2.2730771850D-007  0.0000000000D+000  1.2614206247D-001  4.0823781078D-003
  4.0823891485D-003  1.5754753556D-003  0.0000000000D+000 -1.6548501560D-008
  0.0000000000D+000  2.1712552501D-002  2.3225355525D-002  2.1712552502D-002
  2.3225355525D-002 -6.5856947883D-002  1.3520483044D-001 -1.4871164951D-007
  0.0000000000D+000 -2.5437909574D-001  9.8094105719D-002 -7.6552004343D-009
  0.0000000000D+000  1.3156148464D-001 -4.4346906311D-003 -4.4346768420D-003
 -2.2104157414D-002  0.0000000000D+000 -1.0751395889D-008  0.0000000000D+000
  1.1324351078D-001 -2.4656968187D-001 -1.0515749332D-007  0.0000000000D+000
  5.0422158668D-001 -3.5719053825D-001 -8.8673535408D-008  0.0000000000D+000
  2.9871447723D-001 -5.6196434299D-003 -5.6196456301D-003  4.5528425000D-002
  0.0000000000D+000 -1.8233128936D-008  0.0000000000D+000
 -1.1562218520D-001 -1.1782517537D-001  5.6237818499D-008  4.0821433882D-008
 -1.4106295903D-001  0.0000000000D+000  4.9672194389D-007 -2.7058004496D-006
 -7.9000266835D-002  0.0000000000D+000  1.9641271681D-006 -7.6250135387D-003
  7.6249549901D-003 -3.9487187727D-008  0.0000000000D+000 -1.8275298975D-002
  0.0000000000D+000  5.7811214230D-002  5.8912277315D-002  5.7811214231D-002
  5.8912277316D-002 -3.5323221359D-008 -6.5743390631D-007  3.7851403654D-001
 -1.5457919750D-012 -3.2933798331D-007  1.9869952997D-006  2.2644153491D-001
 -1.0182362056D-012  3.4344566603D-006 -6.7226125812D-004  6.7204072661D-004
 -7.5852503887D-008  0.0000000000D+000 -2.7051124659D-002  0.0000000000D+000
 -1.8995510448D-008 -8.2432158679D-008  4.5318215142D-001 -2.3177374110D-012
  8.7934507844D-008  1.9979055304D-006  2.6082796461D-001 -1.3540048108D-012
  4.7292927042D-007 -2.1176298559D-005  2.1128426352D-005 -6.0180829957D-009
  0.0000000000D+000  3.2045102130D-002  0.0000000000D+000
  0.0000000000D+000  0.0000000000D+000  0.0000000000D+000  0.0000000000D+000
  0.0000000000D+000 -1.4106326627D-001  0.0000000000D+000  0.0000000000D+000
  0.0000000000D+000 -7.8999948102D-002  0.0000000000D+000  0.0000000000D+000
  0.0000000000D+000  0.0000000000D+000  8.8045495734D-003  0.0000000000D+000
 -1.8275343518D-002  1.0013192702D-001  1.0203961342D-001 -1.0013192701D-001
 -1.0203961342D-001  0.0000000000D+000  0.0000000000D+000  2.0594320177D-012
  3.7851366923D-001  0.0000000000D+000  0.0000000000D+000  1.1079831805D-012
  2.2644211779D-001  0.0000000000D+000  0.0000000000D+000  0.0000000000D+000
  0.0000000000D+000  7.7616072070D-004  0.0000000000D+000 -2.7051208536D-002
  0.0000000000D+000  0.0000000000D+000  1.9707254788D-012  4.5318208506D-001
  0.0000000000D+000  0.0000000000D+000  1.1208502034D-012  2.6082769210D-001
  0.0000000000D+000  0.0000000000D+000  0.0000000000D+000  0.0000000000D+000
  2.4414853488D-005  0.0000000000D+000  3.2045061600D-002
  1.4932774903D-001  6.7490674719D-001 -1.0163784182D-007 -1.5312056136D-006
 -7.8302081356D-002  3.3913821464D-008 -1.4167261535D-006  6.9913685300D-006
 -4.0597311214D-001  1.7583172867D-007 -1.0997683671D-005  1.1440413789D-002
 -1.1440718913D-002 -1.2441076300D-007  5.7216396433D-009  4.1231385492D-002
 -1.7858060097D-008 -7.4664012394D-002 -3.3744841885D-001 -7.4664124417D-002
 -3.3744892515D-001  4.6691005906D-007  4.1005625360D-007 -4.2655188876D-001
  1.8474678531D-007 -8.7354370105D-007 -1.3534602551D-005 -4.8811284629D-001
  2.1141181067D-007 -7.8919774091D-006  3.4276900742D-003 -3.4274627328D-003
 -1.7585033035D-007  1.7142951536D-009 -3.8775220838D-002  1.6794165290D-008
 -1.2613760774D-007  2.6169890269D-007  4.2754890360D-001 -1.8517892843D-007
  5.8698501284D-007 -8.5152439297D-007  5.0726033187D-001 -2.1970382729D-007
  1.0160652118D-006  4.2709040367D-004 -4.2729469730D-004  1.2073719468D-007
  2.1364045043D-010 -6.1575223642D-003  2.6668792115D-009
  6.4676416893D-008  2.9231402589D-007  0.0000000000D+000  0.0000000000D+000
 -3.3913951758D-008 -7.8301632164D-002  0.0000000000D+000  1.8091265408D-012
 -1.7583373885D-007 -4.0596692659D-001 -4.6494924009D-012  4.9550241295D-009
 -4.9551665424D-009  0.0000000000D+000 -1.3210343918D-002  1.7858019443D-008
  4.1231437997D-002 -1.2932145902D-001 -5.8447891065D-001  1.2932139435D-001
  5.8447861834D-001  0.0000000000D+000  0.0000000000D+000 -1.8474707819D-007
 -4.2655149612D-001  0.0000000000D+000 -4.6987764920D-012 -2.1141006751D-007
 -4.8811666352D-001 -3.5741654805D-012  1.4845738988D-009 -1.4844459664D-009
  0.0000000000D+000 -3.9579490327D-003 -1.6794218318D-008 -3.8775096828D-002
  0.0000000000D+000  0.0000000000D+000  1.8517897058D-007  4.2754946465D-001
  0.0000000000D+000 -1.0018388770D-012  2.1970339190D-007  5.0726210750D-001
  0.0000000000D+000  1.8500242287D-010 -1.8506883195D-010  0.0000000000D+000
 -4.9327844195D-004 -2.6669340692D-009 -6.1574127815D-003
  2.8253378916D-002  1.0817061337D+000  1.5477449566D-001 -2.4233284125D-001
  3.7121832721D-007  0.0000000000D+000 -7.2735776031D-002 -2.1149569048D+000
 -2.3995722509D-006  0.0000000000D+000 -4.6686425368D-001  9.1600791383D-003
  9.1599698391D-003  9.3175511266D-003  0.0000000000D+000 -2.4539490040D-008
  0.0000000000D+000  2.8253161806D-002  1.0817043445D+000  2.8253161806D-002
  1.0817043445D+000 -2.6862406261D-002 -3.0891205193D-002  1.3673087568D-006
  0.0000000000D+000  4.1256361712D-002  8.6241122427D-001  1.7103873601D-006
  0.0000000000D+000 -4.1306286758D-001  2.8686838223D-003  2.8686451085D-003
 -2.4600613075D-002  0.0000000000D+000  1.4893260516D-007  0.0000000000D+000
  3.1137091036D-002 -3.7493071756D-002 -1.0269733295D-006  0.0000000000D+000
 -8.2328603333D-002 -7.1245327542D-001 -1.3875203842D-006  0.0000000000D+000
 -3.2868984498D-001  1.3015358939D-002  1.3015359679D-002 -2.9264184059D-003
  0.0000000000D+000  4.2525671371D-008  0.0000000000D+000
  4.4979829625D-002  1.6485461219D+000 -8.7468163872D-007 -2.6031457383D-007
 -4.4594376110D-001  1.9781848754D-008 -2.5860137843D-006  1.6747155081D-005
 -1.3367030955D+000  5.9295287181D-008 -1.8071850431D-005  1.1243936688D-002
 -1.1244215401D-002 -5.6460910197D-007  5.7593478844D-010 -1.4459613331D-002
  6.4142105037D-010 -2.2489338127D-002 -8.2427085346D-001 -2.2489341583D-002
 -8.2427098012D-001  1.2615717228D-006 -1.9851627993D-006  2.1288369365D-001
 -9.4433444723D-009 -3.1435392329D-006 -2.3844262777D-005  5.7607392562D-001
 -2.5554471787D-008 -1.0232696170D-005  8.8948507088D-003 -8.8950320974D-003
  1.9705566996D-009  4.5560219633D-010 -3.1753463802D-004  1.4089815592D-011
 -3.9519254269D-007  1.4927017874D-006 -1.8687849468D-001  8.2898165016D-009
  1.9731495577D-006  2.1771105655D-007 -3.2976005823D-001  1.4627970791D-008
  2.2840194829D-006  1.3491636260D-003 -1.3491437393D-003  2.8734665773D-007
  6.9108589309D-011  5.1218469558D-003 -2.2719614133D-010
 -1.9954395389D-009 -7.3129269243D-008  0.0000000000D+000  0.0000000000D+000
  1.9781850412D-008  4.4594641326D-001  0.0000000000D+000 -3.0754192552D-012
  5.9295375573D-008  1.3366990599D+000  3.8446631964D-012 -4.9875462387D-010
  4.9871516334D-010  0.0000000000D+000  1.2983551553D-002  6.4141049096D-010
  1.4459517291D-002  3.8953032446D-002  1.4276812003D+000 -3.8953030451D-002
 -1.4276811272D+000  0.0000000000D+000  0.0000000000D+000 -9.4432534015D-009
 -2.1288071526D-001  0.0000000000D+000  4.8799966911D-012 -2.5554064588D-008
 -5.7607290618D-001  2.4603582562D-012 -3.9456856630D-010  3.9460731653D-010
  0.0000000000D+000  1.0271071360D-002  1.4096130359D-011  3.1788638657D-004
  0.0000000000D+000  0.0000000000D+000  8.2897444256D-009  1.8687715990D-001
  0.0000000000D+000  0.0000000000D+000  1.4627865489D-008  3.2975863023D-001
  0.0000000000D+000 -5.9856487890D-011  5.9830393781D-011  0.0000000000D+000
  1.5578667479D-003 -2.2719787396D-010 -5.1216945410D-003
 -6.3389133523D-002 -3.7084949449D-001  5.2888293624D-002 -1.0344194943D-001
 -6.2145837816D-006  0.0000000000D+000  4.2178251097D-001 -5.5694681136D-001
 -1.0760522977D-005 -1.9675479610D-012  1.5043663458D+000 -1.9289860154D-002
 -1.9290017206D-002  3.9379718049D-002  0.0000000000D+000 -7.2263174411D-008
  0.0000000000D+000 -6.3390043611D-002 -3.7087385903D-001 -6.3390043611D-002
 -3.7087385902D-001 -1.2868251880D-001  1.5177780075D-001 -2.2134384875D-006
  0.0000000000D+000  2.5628600243D-001  2.4642248767D+000  5.2580361539D-006
  1.1927824945D-012  4.1717639531D-001  9.1938147642D-003  9.1935753102D-003
 -3.1755756530D-002  0.0000000000D+000 -3.4519975236D-007  0.0000000000D+000
  5.5488621679D-002 -1.5664328103D-001  1.1441709511D-007  0.0000000000D+000
 -2.1020596330D-001 -5.7773196211D-001 -1.7585838331D-006  0.0000000000D+000
 -4.3419223256D-001  6.2259752050D-003  6.2259499577D-003 -1.9969819820D-002
  0.0000000000D+000 -2.0764996531D-007  0.0000000000D+000
 -3.4382343839D-002  1.5376647370D-001  6.4646605120D-002  2.0672669816D-001
 -2.2495716803D-006  0.0000000000D+000 -3.2891921307D-001 -3.8954145358D+000
  2.1052347372D-007  0.0000000000D+000  2.4270899369D+000  6.1869072334D-003
  6.1869612876D-003  3.0024763793D-002  0.0000000000D+000 -1.2045763181D-007
  0.0000000000D+000 -3.4381963972D-002  1.5376328697D-001 -3.4381963972D-002
  1.5376328697D-001 -2.9790351900D-002  1.9355837265D-001 -9.1410897451D-007
  0.0000000000D+000  1.7892996496D-001 -1.1729298101D+000  1.0694130053D-006
  0.0000000000D+000  5.1671710520D+000 -5.9412844928D-003 -5.9412734095D-003
  4.8833317778D-002  0.0000000000D+000 -1.5212913941D-007  0.0000000000D+000
 -1.1272493548D-001  1.9120117265D-002 -1.8068385494D-007  0.0000000000D+000
  1.2249878868D-002  4.8007532820D+000 -1.5191125238D-007  0.0000000000D+000
  1.7677701159D+000 -6.3566536847D-002 -6.3566548108D-002 -9.5897705343D-004
  0.0000000000D+000 -7.1629765798D-008  0.0000000000D+000
  3.3108591769D-001  3.1066990090D-001 -1.4028066071D-008 -7.9880155199D-006
  4.4664092533D-001  2.8724518570D-008  1.1323199057D-005 -1.3657615538D-005
 -9.9629503738D-001 -6.4074094059D-008  4.1277162821D-006  6.5857451538D-002
 -6.5858649307D-002 -2.3541477493D-007 -4.8907880474D-009  8.6747033516D-003
  5.5791809020D-010 -1.6554458901D-001 -1.5533874842D-001 -1.6554455213D-001
 -1.5533871381D-001 -1.3848151335D-006  2.3436474614D-007  7.9061557822D-001
  5.0849114565D-008 -8.7439015413D-007 -3.0857603376D-005 -5.6251512279D-001
 -3.6180046547D-008  5.7946551244D-005  1.0290001182D-002 -1.0289073189D-002
 -3.6600029604D-006 -7.6417656354D-010 -8.9362194637D-003 -5.7478074688D-010
 -9.9464029494D-007  1.5047679255D-006  1.2132913845D-001  7.8035152678D-009
 -5.1579325350D-006  5.6511009546D-005 -1.2651111911D-001 -8.1362483545D-009
  2.7060423568D-005  8.2887636059D-004 -8.2992041739D-004  2.2183870300D-006
 -6.1595308490D-011  6.6480026829D-002  4.2757023632D-009
 -2.1293910151D-008 -1.9981112740D-008  0.0000000000D+000  0.0000000000D+000
 -2.8725849411D-008  4.4662630779D-001 -1.0160780815D-012  0.0000000000D+000
  6.4077104928D-008 -9.9626141293D-001  1.0342007547D-012 -4.2356283851D-009
  4.2356713182D-009  0.0000000000D+000 -7.6044954707D-002 -5.5789488115D-010
  8.6746105524D-003 -2.8672577466D-001 -2.6904287977D-001  2.8672579595D-001
  2.6904289975D-001  0.0000000000D+000  0.0000000000D+000 -5.0848257437D-008
  7.9062721275D-001  0.0000000000D+000  2.9302797577D-012  3.6177609574D-008
 -5.6253968821D-001 -2.5036713963D-012 -6.6181382787D-010  6.6167932979D-010
  0.0000000000D+000 -1.1881426165D-002  5.7470579410D-010 -8.9365919573D-003
  0.0000000000D+000  0.0000000000D+000 -7.8031983904D-009  1.2133208154D-001
  0.0000000000D+000 -2.8313877924D-012  8.1366267949D-009 -1.2650761317D-001
 -1.4841498134D-012 -5.3318010594D-011  5.3364312650D-011  0.0000000000D+000
 -9.5769368631D-004 -4.2756560082D-009  6.6480859689D-002
  1.0414641764D-001  1.1873370341D-001  2.9941443524D-002 -2.0907742513D-001
  2.1282888848D-006  0.0000000000D+000  7.3567846119D-001 -1.3372498545D+000
 -6.4537897913D-006  0.0000000000D+000 -4.5847609201D-001  7.2438078542D-003
  7.2443494041D-003  1.0601125225D-003  0.0000000000D+000 -1.6253634149D-008
  0.0000000000D+000  1.0414923293D-001  1.1873097078D-001  1.0414923293D-001
  1.1873097078D-001 -7.4297468713D-002  3.5631745073D-002 -1.6283775823D-005
  0.0000000000D+000  7.0569992051D-002 -2.2990603717D+000  2.0460513700D-005
  0.0000000000D+000  2.8413200553D+000  5.2425612816D-002  5.2425495790D-002
 -2.2027428497D-001  0.0000000000D+000  8.8680442018D-007  0.0000000000D+000
 -6.2805265512D-002  2.0587074708D-001 -5.6942779614D-006  0.0000000000D+000
 -4.2159514986D-001  2.9764947829D+000  2.4842048210D-006  0.0000000000D+000
  1.8090143365D+000 -2.6783499757D-003 -2.6783648871D-003  1.6162645517D-001
  0.0000000000D+000 -1.2738325777D-006  0.0000000000D+000
GEOMETRY2
  1        1.93964516518000       -0.00000000000000        2.94995009671000
  6       -0.00000000000000       -0.00000000000000        2.23156647782000
  1       -0.96982258259100       -1.67978198737000        2.94995009671000
  1       -0.96982258259100        1.67978198737000        2.94995009671000
  6        0.00000000000000        0.00000000000000       -0.53009587070100
  7       -0.00000000000000        0.00000000000000       -2.72266770469000
HESSIAN 6-31G(d)
  18
  3.0906423058D-001
  0.0000000000D+000  4.5331922801D-002
  9.4670251918D-002  0.0000000000D+000  8.7750031768D-002
 -2.8806081958D-001  0.0000000000D+000 -8.5974310786D-002  5.5760871842D-001
  0.0000000000D+000 -4.6599286035D-002  0.0000000000D+000  0.0000000000D+000
  5.5764320782D-001
 -8.5051236148D-002  0.0000000000D+000 -7.7068981855D-002  3.3336138312D-005
  0.0000000000D+000  5.1531689413D-001
 -1.2933545065D-002 -2.5475488956D-002  1.1295536285D-002 -1.0696609376D-001
 -1.0455629773D-001  4.2511189136D-002  1.1126807708D-001
  9.9174375457D-004  1.2050938034D-003 -1.5932008346D-003 -1.0455759856D-001
 -2.2771602093D-001  7.3670286974D-002  1.1420159472D-001  2.4314804514D-001
 -4.2679223885D-003 -1.0574754182D-002  4.6455509888D-003  4.2977427386D-002
  7.4457715144D-002 -7.7081824169D-002 -4.7323449530D-002 -8.1998731388D-002
  8.7771152613D-002
 -1.2933545065D-002  2.5475488956D-002  1.1295536285D-002 -1.0696609376D-001
  1.0455629773D-001  4.2511189141D-002  8.2709980090D-003 -1.3234502462D-002
 -7.0278590091D-003  1.1126807708D-001
 -9.9174375458D-004  1.2050938032D-003  1.5932008347D-003  1.0455759856D-001
 -2.2771602093D-001 -7.3670286976D-002  1.3234502462D-002 -1.9999577362D-002
 -8.9823909324D-003 -1.1420159472D-001  2.4314804514D-001
 -4.2679223884D-003  1.0574754182D-002  4.6455509888D-003  4.2977427385D-002
 -7.4457715145D-002 -7.7081824168D-002 -7.0278590089D-003  8.9823909325D-003
  4.6429408426D-003 -4.7323449530D-002  8.1998731388D-002  8.7771152612D-002
  5.7140195977D-003  0.0000000000D+000 -3.5591645149D-002 -7.5231021131D-002
  0.0000000000D+000 -2.9689870786D-006 -7.9078481293D-005  3.3437472224D-003
  1.7793652971D-002 -7.9078477761D-005 -3.3437472252D-003  1.7793652969D-002
  1.0838065556D-001
  0.0000000000D+000 -2.0119294315D-003  0.0000000000D+000  0.0000000000D+000
 -7.5228046853D-002  2.9431853157D-012  3.3406474718D-003  3.7831212395D-003
  3.0825225414D-002 -3.3406474724D-003  3.7831212398D-003 -3.0825225415D-002
 -4.4446178892D-012  1.0837861686D-001
 -3.7575886996D-003  0.0000000000D+000 -2.0223144988D-002 -1.2526423221D-005
  0.0000000000D+000 -2.7701238523D-001  1.8814612575D-003  3.2552227766D-003
 -2.0227675672D-002  1.8814612481D-003 -3.2552227719D-003 -2.0227675675D-002
  6.8242247666D-006 -6.4911051719D-012  1.6055136074D+000
 -8.5034046983D-004  0.0000000000D+000  4.3046314471D-003  1.9615309867D-002
  0.0000000000D+000 -1.5092949983D-006  4.3964221903D-004 -7.4498467757D-004
 -2.1518494297D-003  4.3964221390D-004  7.4498468047D-004 -2.1518494274D-003
 -3.8705496944D-002  5.7062417861D-012  3.6839368930D-007  1.9061242940D-002
  0.0000000000D+000  8.6910505689D-004  0.0000000000D+000  0.0000000000D+000
  1.9616167007D-002  0.0000000000D+000 -7.4495797146D-004 -4.2066188694D-004
 -3.7270640568D-003  7.4495797151D-004 -4.2066188613D-004  3.7270640584D-003
  7.7837122199D-012 -3.8704882956D-002  0.0000000000D+000 -8.2670283696D-012
  1.9060934494D-002
  2.6744177080D-003  0.0000000000D+000  2.5099309814D-004 -1.3537097518D-006
  0.0000000000D+000 -7.0718786676D-003 -1.3368781408D-003 -2.3159684625D-003
  2.4985539738D-004 -1.3368781355D-003  2.3159684595D-003  2.4985540063D-004
  4.8397772271D-007  4.7732746867D-012 -1.2678227258D+000  2.0831395806D-007
 -1.5739718534D-012  1.2741439006D+000
