C OPT B3LYP 6-31G* FINDBEST=MMFF FREQ NMR POLAR
C CONVERGE SCFTOLERANCE=VERYHIGH GRADIENTTOLERANCE=0.000005
DISTANCETOLERANCE=0.00002 BIGGRID
M0001
0 1
 6  -0.068870001  -2.233148503  -0.722566212
 6  -0.691486489  -0.981966260  -0.146994686
 1  -0.556025440  -1.002011879   0.940096509
 1  -1.762964561  -0.997408072  -0.375500881
 6  -0.061046014   0.285845063  -0.720929023
 1   1.016720785   0.287762852  -0.515195907
 1  -0.173324829   0.292302219  -1.812378902
 6  -0.700723611   1.542598303  -0.129686010
 1  -0.584185316   1.535903623   0.960929467
 1  -1.777293631   1.540454672  -0.339591958
 6  -0.069660794   2.810632027  -0.704190509
 1   1.006083939   2.819762564  -0.493482378
 1  -0.187044908   2.824313691  -1.794026183
 6  -0.703074534   4.062633945  -0.118710634
 1  -0.236907855   4.957268438  -0.543244828
 1  -0.574785064   4.095804530   0.967925095
 1  -1.774530026   4.100380895  -0.339830461
 8   0.829800041  -2.263513405  -1.547119250
 8  -0.624403708  -3.359556583  -0.216857091
 1  -1.332187429  -3.190464763   0.433060836
ENDCART
ATOMLABELS
"*C1"
"*C2"
"H5"
"H6"
"C3"
"H4"
"H8"
"C4"
"H9"
"H10"
"C5"
"H7"
"H12"
"C6"
"H11"
"H13"
"H14"
"*O1"
"*O2"
"H3"
ENDATOMLABELS
HESSIAN
    2    1   13   13    1   13   13    1   13   13    1   13
   13    1   13   13   13    9    8   13
    2    3    1
    2    4    1
    1    2    1
    5    6    1
    5    7    1
    2    5    1
    8    9    1
    8   10    1
    5    8    1
   11   12    1
   11   13    1
    8   11    1
   14   15    1
   14   16    1
   14   17    1
   11   14    1
    1   18    2
   19   20    1
    1   19    1
ENDHESS
NOCONFORMER
BEGINPROPIN
C DOQSAR PRINTMO THERMO PRINTFREQ PRINTCHG
C QSAR NBO DIPOLE POP PROPPRINTLEV=2 PROPRERUN
 PRINTVIBCOORDS PROP:IGNORE_WARN
ENDPROPIN
BEGINPREFERENCES
 MM:CONF_SELECTION_RULE=2
ENDPREFERENCES
