C OPT B3LYP 6-31G* FINDBEST=MMFF FREQ NMR POLAR
C CONVERGE SCFTOLERANCE=VERYHIGH GRADIENTTOLERANCE=0.000005
DISTANCETOLERANCE=0.00002 BIGGRID
M0001
0 1
 6  -0.302600089   0.380898242  -0.745717022
 6  -0.066376158   0.550224610   2.040721571
 6  -0.363679926  -0.781429292   0.028633865
 6  -0.150068448   1.625712432  -0.127925109
 6  -0.026292714   1.709157823   1.263294673
 6  -0.239009189  -0.690230488   1.417088315
 1  -0.536496465  -1.753351851  -0.426142825
 1  -0.128236669   2.533849298  -0.728183910
 1   0.094959751   2.692720582   1.705781388
 1  -0.289590161  -1.591629966   2.024609658
 6  -0.429799393   0.334811569  -2.219970912
 8  -1.057091035   1.158936827  -2.860664496
 8   0.259367335  -0.683042311  -2.777375337
 1   0.851576879  -1.156169719  -2.163251800
 8   0.043186042   0.491041664   3.402186149
 6   0.183155015   1.727257389   4.091957532
 1   1.107737301   2.237501188   3.802505219
 1   0.245105618   1.507610983   5.162154142
 1  -0.689845672   2.368998561   3.933444838
ENDCART
ATOMLABELS
"*C2"
"C4"
"C2"
"C6"
"C5"
"C3"
"H2"
"H6"
"H5"
"H3"
"*C1"
"*O1"
"*O2"
"H8"
"O3"
"C8"
"H4"
"H9"
"H10"
ENDATOMLABELS
HESSIAN
    3    3    3    3    3    3   13   13   13   13    2    9
    8   13    8    1   13   13   13
    1    4    5
    4    5    5
    2    5    5
    2    6    5
    3    6    5
    1    3    5
    5    9    1
    6   10    1
    3    7    1
    4    8    1
    1   11    1
   11   12    2
   13   14    1
   11   13    1
    2   15    1
   16   17    1
   16   18    1
   16   19    1
   15   16    1
ENDHESS
NOCONFORMER
BEGINPROPIN
C DOQSAR PRINTMO THERMO PRINTFREQ PRINTCHG
C QSAR NBO DIPOLE POP PROPPRINTLEV=2 PROPRERUN
 PRINTVIBCOORDS PROP:IGNORE_WARN
ENDPROPIN
BEGINPREFERENCES
 MM:CONF_SELECTION_RULE=2
ENDPREFERENCES
