External AB INITIO PROGRAM: converted archive file
Jobname.Temp
   9  83  28  71   0   1  29   0 RB3LYP   6-31G(d)        NOOPTOPT FREQ        
GEOMETRY
  6     0.9402959    -0.2531144     0.0000000
  6    -1.4750183     1.2096430    -0.0000000
  1    -1.3899478     3.2668977    -0.0000000
  6    -3.6938597     0.0121559     0.0000000
  1    -5.4748754     1.0304592    -0.0000000
  1    -3.7526174    -2.0397943     0.0000000
  8     1.0663060    -2.5316186     0.0000000
  8     3.0959120     1.1548385    -0.0000000
  1     2.6911893     2.9445712    -0.0000000
BASIS
   0   6   1   1   0
   1   3   7   1   0
   1   1  10   1   0
   2   1  11   1   0
   0   6  12   2   0
   1   3  18   2   0
   1   1  21   2   0
   2   1  22   2   0
   0   3  23   3   0
   0   1  26   3   0
   0   6  27   4   0
   1   3  33   4   0
   1   1  36   4   0
   2   1  37   4   0
   0   3  38   5   0
   0   1  41   5   0
   0   3  42   6   0
   0   1  45   6   0
   0   6  46   7   0
   1   3  52   7   0
   1   1  55   7   0
   2   1  56   7   0
   0   6  57   8   0
   1   3  63   8   0
   1   1  66   8   0
   2   1  67   8   0
   0   3  68   9   0
   0   1  71   9   0
  3.0475249000D+003
  5.3633438234D-001  0.0000000000D+000  0.0000000000D+000  0.0000000000D+000
  4.5736951000D+002
  9.8945060758D-001  0.0000000000D+000  0.0000000000D+000  0.0000000000D+000
  1.0394869000D+002
  1.5972822308D+000  0.0000000000D+000  0.0000000000D+000  0.0000000000D+000
  2.9210155000D+001
  2.0791870615D+000  0.0000000000D+000  0.0000000000D+000  0.0000000000D+000
  9.2866630000D+000
  1.7741742532D+000  0.0000000000D+000  0.0000000000D+000  0.0000000000D+000
  3.1639270000D+000
  6.1257982601D-001  0.0000000000D+000  0.0000000000D+000  0.0000000000D+000
  7.8682724000D+000
 -3.9955635160D-001  1.2960827175D+000  0.0000000000D+000  0.0000000000D+000
  1.8812885000D+000
 -1.8415523929D-001  9.9375362822D-001  0.0000000000D+000  0.0000000000D+000
  5.4424930000D-001
  5.1639037938D-001  4.9595271376D-001  0.0000000000D+000  0.0000000000D+000
  1.6871440000D-001
  1.8761787212D-001  1.5412755095D-001  0.0000000000D+000  0.0000000000D+000
  8.0000000000D-001
  0.0000000000D+000  0.0000000000D+000  1.1138249281D+000  0.0000000000D+000
  3.0475249000D+003
  5.3633438234D-001  0.0000000000D+000  0.0000000000D+000  0.0000000000D+000
  4.5736951000D+002
  9.8945060758D-001  0.0000000000D+000  0.0000000000D+000  0.0000000000D+000
  1.0394869000D+002
  1.5972822308D+000  0.0000000000D+000  0.0000000000D+000  0.0000000000D+000
  2.9210155000D+001
  2.0791870615D+000  0.0000000000D+000  0.0000000000D+000  0.0000000000D+000
  9.2866630000D+000
  1.7741742532D+000  0.0000000000D+000  0.0000000000D+000  0.0000000000D+000
  3.1639270000D+000
  6.1257982601D-001  0.0000000000D+000  0.0000000000D+000  0.0000000000D+000
  7.8682724000D+000
 -3.9955635160D-001  1.2960827175D+000  0.0000000000D+000  0.0000000000D+000
  1.8812885000D+000
 -1.8415523929D-001  9.9375362822D-001  0.0000000000D+000  0.0000000000D+000
  5.4424930000D-001
  5.1639037938D-001  4.9595271376D-001  0.0000000000D+000  0.0000000000D+000
  1.6871440000D-001
  1.8761787212D-001  1.5412755095D-001  0.0000000000D+000  0.0000000000D+000
  8.0000000000D-001
  0.0000000000D+000  0.0000000000D+000  1.1138249281D+000  0.0000000000D+000
  1.8731137000D+001
  2.1493541833D-001  0.0000000000D+000  0.0000000000D+000  0.0000000000D+000
  2.8253937000D+000
  3.6457112721D-001  0.0000000000D+000  0.0000000000D+000  0.0000000000D+000
  6.4012170000D-001
  4.1505142766D-001  0.0000000000D+000  0.0000000000D+000  0.0000000000D+000
  1.6127780000D-001
  1.8138068393D-001  0.0000000000D+000  0.0000000000D+000  0.0000000000D+000
  3.0475249000D+003
  5.3633438234D-001  0.0000000000D+000  0.0000000000D+000  0.0000000000D+000
  4.5736951000D+002
  9.8945060758D-001  0.0000000000D+000  0.0000000000D+000  0.0000000000D+000
  1.0394869000D+002
  1.5972822308D+000  0.0000000000D+000  0.0000000000D+000  0.0000000000D+000
  2.9210155000D+001
  2.0791870615D+000  0.0000000000D+000  0.0000000000D+000  0.0000000000D+000
  9.2866630000D+000
  1.7741742532D+000  0.0000000000D+000  0.0000000000D+000  0.0000000000D+000
  3.1639270000D+000
  6.1257982601D-001  0.0000000000D+000  0.0000000000D+000  0.0000000000D+000
  7.8682724000D+000
 -3.9955635160D-001  1.2960827175D+000  0.0000000000D+000  0.0000000000D+000
  1.8812885000D+000
 -1.8415523929D-001  9.9375362822D-001  0.0000000000D+000  0.0000000000D+000
  5.4424930000D-001
  5.1639037938D-001  4.9595271376D-001  0.0000000000D+000  0.0000000000D+000
  1.6871440000D-001
  1.8761787212D-001  1.5412755095D-001  0.0000000000D+000  0.0000000000D+000
  8.0000000000D-001
  0.0000000000D+000  0.0000000000D+000  1.1138249281D+000  0.0000000000D+000
  1.8731137000D+001
  2.1493541833D-001  0.0000000000D+000  0.0000000000D+000  0.0000000000D+000
  2.8253937000D+000
  3.6457112721D-001  0.0000000000D+000  0.0000000000D+000  0.0000000000D+000
  6.4012170000D-001
  4.1505142766D-001  0.0000000000D+000  0.0000000000D+000  0.0000000000D+000
  1.6127780000D-001
  1.8138068393D-001  0.0000000000D+000  0.0000000000D+000  0.0000000000D+000
  1.8731137000D+001
  2.1493541833D-001  0.0000000000D+000  0.0000000000D+000  0.0000000000D+000
  2.8253937000D+000
  3.6457112721D-001  0.0000000000D+000  0.0000000000D+000  0.0000000000D+000
  6.4012170000D-001
  4.1505142766D-001  0.0000000000D+000  0.0000000000D+000  0.0000000000D+000
  1.6127780000D-001
  1.8138068393D-001  0.0000000000D+000  0.0000000000D+000  0.0000000000D+000
  5.4846717000D+003
  8.3173520885D-001  0.0000000000D+000  0.0000000000D+000  0.0000000000D+000
  8.2523495000D+002
  1.5308074829D+000  0.0000000000D+000  0.0000000000D+000  0.0000000000D+000
  1.8804696000D+002
  2.4771490916D+000  0.0000000000D+000  0.0000000000D+000  0.0000000000D+000
  5.2964500000D+001
  3.2562802462D+000  0.0000000000D+000  0.0000000000D+000  0.0000000000D+000
  1.6897570000D+001
  2.7928936336D+000  0.0000000000D+000  0.0000000000D+000  0.0000000000D+000
  5.7996353000D+000
  9.5493769626D-001  0.0000000000D+000  0.0000000000D+000  0.0000000000D+000
  1.5539616000D+001
 -6.1793369763D-001  3.1169455889D+000  0.0000000000D+000  0.0000000000D+000
  3.5999336000D+000
 -2.7572100882D-001  2.4014372483D+000  0.0000000000D+000  0.0000000000D+000
  1.0137618000D+000
  8.1420764273D-001  1.0543605133D+000  0.0000000000D+000  0.0000000000D+000
  2.7000580000D-001
  2.6695613886D-001  2.7743193731D-001  0.0000000000D+000  0.0000000000D+000
  8.0000000000D-001
  0.0000000000D+000  0.0000000000D+000  1.1138249281D+000  0.0000000000D+000
  5.4846717000D+003
  8.3173520885D-001  0.0000000000D+000  0.0000000000D+000  0.0000000000D+000
  8.2523495000D+002
  1.5308074829D+000  0.0000000000D+000  0.0000000000D+000  0.0000000000D+000
  1.8804696000D+002
  2.4771490916D+000  0.0000000000D+000  0.0000000000D+000  0.0000000000D+000
  5.2964500000D+001
  3.2562802462D+000  0.0000000000D+000  0.0000000000D+000  0.0000000000D+000
  1.6897570000D+001
  2.7928936336D+000  0.0000000000D+000  0.0000000000D+000  0.0000000000D+000
  5.7996353000D+000
  9.5493769626D-001  0.0000000000D+000  0.0000000000D+000  0.0000000000D+000
  1.5539616000D+001
 -6.1793369763D-001  3.1169455889D+000  0.0000000000D+000  0.0000000000D+000
  3.5999336000D+000
 -2.7572100882D-001  2.4014372483D+000  0.0000000000D+000  0.0000000000D+000
  1.0137618000D+000
  8.1420764273D-001  1.0543605133D+000  0.0000000000D+000  0.0000000000D+000
  2.7000580000D-001
  2.6695613886D-001  2.7743193731D-001  0.0000000000D+000  0.0000000000D+000
  8.0000000000D-001
  0.0000000000D+000  0.0000000000D+000  1.1138249281D+000  0.0000000000D+000
  1.8731137000D+001
  2.1493541833D-001  0.0000000000D+000  0.0000000000D+000  0.0000000000D+000
  2.8253937000D+000
  3.6457112721D-001  0.0000000000D+000  0.0000000000D+000  0.0000000000D+000
  6.4012170000D-001
  4.1505142766D-001  0.0000000000D+000  0.0000000000D+000  0.0000000000D+000
  1.6127780000D-001
  1.8138068393D-001  0.0000000000D+000  0.0000000000D+000  0.0000000000D+000
ENERGY
 -2.6715034955D+002   0.0000000000D+00
WAVEFUNC   6-31G(d)   QCHEM 
 -1.9197338730D+001 -1.9132675897D+001 -1.0322198833D+001 -1.0219857185D+001
 -1.0217758934D+001 -1.0990470287D+000 -1.0170372915D+000 -8.0058637713D-001
 -6.5340933012D-001 -6.0429369708D-001 -5.3136687451D-001 -4.7651278581D-001
 -4.4297791828D-001 -4.3979817255D-001 -4.0396021192D-001 -3.7889492601D-001
 -3.2131937892D-001 -2.9130652865D-001 -2.7555927459D-001 -5.3693443907D-002
  5.0455410872D-002  8.2151355525D-002  1.0984747923D-001  1.3872371162D-001
  1.7374773444D-001  2.5052161285D-001  3.0401193450D-001  3.3288009747D-001
  3.6546036468D-001                                                         
 -6.6924066273D-006  3.1345150333D-004  3.8656446757D-004  1.4457694288D-004
  0.0000000000D+000 -1.8333080511D-003 -2.7655987938D-003 -9.6725315516D-004
  0.0000000000D+000  5.5547870538D-005 -1.7028459394D-005 -1.0828370615D-005
  1.1937683585D-005  0.0000000000D+000  0.0000000000D+000  1.7525186804D-005
  1.7235450037D-004 -6.1184251936D-005 -2.0570133569D-005  0.0000000000D+000
 -1.1328286366D-003  3.1173949056D-004  8.9997760494D-004  0.0000000000D+000
 -9.0994481424D-005 -3.5860506732D-005  4.9040752721D-005  3.0094266593D-006
  0.0000000000D+000  0.0000000000D+000 -6.4571276658D-005 -1.2856958980D-004
  1.4615075464D-005  5.6495416922D-005  1.0222986145D-004  8.9649217277D-006
  0.0000000000D+000  6.0046431216D-004 -7.4678244684D-005  2.1359710132D-004
  0.0000000000D+000  2.1501187863D-005  1.7181730311D-005  4.8752976684D-005
  1.9615625883D-005  0.0000000000D+000  0.0000000000D+000 -2.8222788040D-005
 -2.0749596170D-004  3.2350877002D-005 -4.3691202836D-005 -2.7785023883D-005
  9.2350089247D-005 -4.9908296718D-005  6.4743098211D-006  0.0000000000D+000
 -1.9018597630D-004  4.7591141486D-004 -3.7308137249D-005  0.0000000000D+000
 -2.2240051697D-005 -2.9657613075D-005  7.8837734407D-005 -8.2412072619D-006
  0.0000000000D+000  0.0000000000D+000  9.9270286009D-001  2.5743806164D-002
 -8.5558102678D-004  5.3592885197D-004  0.0000000000D+000  1.3407500846D-002
 -7.2059016527D-004 -8.1261073011D-004  0.0000000000D+000 -8.2044569015D-003
 -8.1942335781D-003 -8.1763782301D-003  6.3174362263D-005  0.0000000000D+000
  0.0000000000D+000  4.2831897702D-004 -1.0958726461D-003
 -2.0583499274D-005  3.5222626061D-004  3.4669940534D-005  1.1328697400D-004
  0.0000000000D+000 -2.7998759666D-003 -1.6159822735D-004  5.2617276520D-003
  0.0000000000D+000 -2.0973823614D-005 -9.9167162529D-004 -7.3196571293D-005
  6.7726660363D-005  0.0000000000D+000  0.0000000000D+000 -5.6471506312D-006
  8.2420550689D-006  5.1654539354D-005  5.2337135628D-005  0.0000000000D+000
 -8.4961967063D-005 -2.1892213130D-003 -1.2602337323D-003  0.0000000000D+000
  3.7758556969D-005 -6.0858145596D-005 -1.4439863766D-005  5.0848082656D-005
  0.0000000000D+000  0.0000000000D+000  1.7320225446D-004  4.9597297076D-004
 -2.2808228851D-006 -1.7774442734D-006 -4.5615887126D-005 -2.5449634518D-005
  0.0000000000D+000 -1.5813673938D-003 -6.7689283414D-004 -6.6193460933D-004
  0.0000000000D+000 -2.5206873964D-005 -2.2248863020D-005  3.9127773140D-006
 -5.9850755274D-005  0.0000000000D+000  0.0000000000D+000  4.2618771319D-005
 -1.3900746566D-005  8.1875314458D-005 -3.7628268849D-004  9.9266707996D-001
  2.5370164078D-002 -6.9519832146D-005  1.2125188483D-003  0.0000000000D+000
  1.6194205447D-002 -1.5657592235D-004  2.1909267567D-003  0.0000000000D+000
 -8.3794234400D-003 -7.7291536387D-003 -8.3894045027D-003 -4.4965068889D-005
  0.0000000000D+000  0.0000000000D+000  7.6009900658D-005  2.1056856106D-004
 -4.0986165833D-005  3.7319946594D-005  0.0000000000D+000 -1.2646050948D-003
  6.1304330217D-004 -2.8825796500D-004  0.0000000000D+000  9.0140868829D-005
  1.9502549351D-005  1.1161116720D-004 -7.0700157653D-006  0.0000000000D+000
  0.0000000000D+000  1.2365933131D-004 -1.3228095334D-004
  9.9293806462D-001  4.8254976024D-002  7.3832380881D-004 -8.6147918486D-005
  0.0000000000D+000 -7.8831341770D-003  4.0521783109D-003 -4.8206864649D-003
  0.0000000000D+000 -8.8057093448D-003 -8.1837126882D-003 -9.5448585281D-003
  1.7746656432D-004  0.0000000000D+000  0.0000000000D+000  1.1371317710D-003
 -2.4161209169D-004 -2.4888445685D-004  1.4202302405D-004  0.0000000000D+000
  4.8341810719D-003  4.0494813644D-003 -6.3456881177D-004  0.0000000000D+000
 -4.7721047633D-004 -2.5380059255D-004 -2.1992431683D-004  7.7929463384D-005
  0.0000000000D+000  0.0000000000D+000 -2.3989145982D-004 -1.0668357540D-004
 -4.4532424572D-005 -2.3512035530D-004 -3.7255687436D-005  5.3459148081D-005
  0.0000000000D+000  1.6393277606D-003  9.1449160962D-004  6.8953810574D-004
  0.0000000000D+000  8.3149479699D-005  5.3667190863D-005 -1.2654532039D-004
  7.5980395987D-005  0.0000000000D+000  0.0000000000D+000 -5.4171547691D-005
  2.6997960910D-004 -7.9046269715D-005  2.9296579779D-004 -8.0066083927D-005
  7.1885736885D-004  6.4227257412D-005  4.0883934149D-005  0.0000000000D+000
 -4.9646793874D-003 -7.1177867744D-004 -2.3877919171D-003  0.0000000000D+000
  4.5502693599D-004 -5.2736857565D-006  5.7251949550D-004 -1.5611787178D-004
  0.0000000000D+000  0.0000000000D+000 -4.0998450404D-005  2.2515066283D-004
  1.1907391503D-004 -2.8813284593D-005  0.0000000000D+000 -5.2523207371D-004
  5.3948843255D-004  1.6131506261D-003  0.0000000000D+000 -3.5313145989D-004
 -1.9981107456D-004  3.0562878531D-004 -5.8874169768D-004  0.0000000000D+000
  0.0000000000D+000 -1.0536074641D-004 -6.7423102002D-005
 -1.4069592791D-003 -3.6909594881D-004  2.0592736054D-004 -1.5110334671D-004
  0.0000000000D+000  5.2589708053D-003 -2.7616230729D-003  2.3936287669D-004
  0.0000000000D+000 -4.0642658580D-004 -3.4767416087D-004 -1.7703982650D-004
  2.1664658197D-004  0.0000000000D+000  0.0000000000D+000  9.6982523351D-001
  4.8419431072D-002  1.6785300460D-004 -1.2715575748D-004  0.0000000000D+000
 -1.4838923840D-002 -3.0293395664D-004  2.6618668459D-003  0.0000000000D+000
 -9.0334670008D-003 -9.1926667194D-003 -9.4066722141D-003  1.3477975203D-004
  0.0000000000D+000  0.0000000000D+000 -4.1551778208D-004  1.3570440898D-003
  2.1171687486D-001  9.9784987440D-003 -2.5789462870D-004 -1.1744978196D-004
  0.0000000000D+000  2.9163472054D-003  2.1746896950D-003  2.2672568912D-004
  0.0000000000D+000 -2.2029040188D-003 -2.2641709776D-003 -2.1937184667D-003
 -3.2240315965D-005  0.0000000000D+000  0.0000000000D+000 -1.0670134187D-004
  6.4258594439D-004 -2.1242785086D-004  4.7694176870D-006  3.5168164420D-005
  1.2826505756D-004 -1.7324079913D-005  4.2401321616D-005  0.0000000000D+000
 -1.1947114939D-003  4.1712946276D-004 -2.7317556579D-004  0.0000000000D+000
  1.4704051639D-004  1.7887234177D-004  1.5254576880D-005  5.6120178178D-005
  0.0000000000D+000  0.0000000000D+000 -2.3005290300D-005 -1.4799329881D-004
  1.3423339864D-005  3.1438695797D-005  0.0000000000D+000  5.6196918657D-004
 -4.3231206808D-005 -2.4587421239D-004  0.0000000000D+000 -1.1109466585D-005
 -3.1316001461D-005 -1.1869984288D-004  3.3214730499D-007  0.0000000000D+000
  0.0000000000D+000  8.7874881375D-006  9.3447115642D-005
  2.9497345566D-004 -6.5434364018D-005 -3.2328504982D-005  4.0959096234D-005
  0.0000000000D+000 -1.0622763222D-003 -2.7960403174D-004 -7.2339543636D-004
  0.0000000000D+000  1.1215988006D-004  5.6508643520D-005 -1.2775646269D-005
 -9.8494680014D-005  0.0000000000D+000  0.0000000000D+000 -2.1220323665D-001
 -1.1097918604D-002  3.5221190915D-004  2.4238043557D-004  0.0000000000D+000
  7.7567004172D-003 -1.7410575563D-003 -1.0490193905D-003  0.0000000000D+000
  1.6590673265D-003  1.7437033417D-003  1.9363505522D-003 -5.5116704762D-005
  0.0000000000D+000  0.0000000000D+000 -4.2381009496D-006 -5.3345968154D-004
  9.6987652846D-001  4.8317915647D-002  1.7411943773D-004  1.4273425835D-004
  0.0000000000D+000 -1.3965072619D-002 -1.5168441229D-003 -5.7486734170D-004
  0.0000000000D+000 -8.9845339190D-003 -9.1542459715D-003 -9.5375606176D-003
  1.3111093396D-004  0.0000000000D+000  0.0000000000D+000 -3.4116426186D-004
  2.0235109096D-003 -2.5547190628D-004  2.1732187689D-003  1.0487735086D-005
  5.2621820952D-005 -2.2686474536D-006 -1.1961464275D-005  0.0000000000D+000
 -3.5596203392D-004  1.1426234898D-004 -2.5176650762D-005  0.0000000000D+000
  1.3443225874D-005  2.2195544097D-005  2.8807750602D-005  4.1344183375D-006
  0.0000000000D+000  0.0000000000D+000 -3.7910683105D-005 -1.6737939798D-004
  2.2003364965D-005  1.3883087362D-005  0.0000000000D+000  1.0158088400D-003
 -3.7835664629D-004 -1.6434705735D-004  0.0000000000D+000 -6.5278337201D-005
 -1.2153717015D-004 -1.0764096530D-004  1.6068978632D-005  0.0000000000D+000
  0.0000000000D+000 -2.8464165722D-005  1.4827027332D-004
 -1.1614754823D-001  2.2721121807D-001  8.3335327474D-002 -2.1586371439D-002
  1.3443466867D-012  4.8477315747D-002 -3.1067707606D-002  1.5813972380D-002
  0.0000000000D+000 -2.9411041088D-003  9.5988116588D-003 -2.0300628929D-002
  1.3120849953D-002  0.0000000000D+000  0.0000000000D+000 -1.9027347773D-002
  3.5518215821D-002  2.4449187594D-002 -1.2052051462D-002  0.0000000000D+000
  3.1093099215D-004  5.7154090631D-003  2.0038800160D-003  0.0000000000D+000
  5.7092359542D-003  1.2101068822D-003 -2.0539262522D-003 -3.8659728387D-003
  0.0000000000D+000  0.0000000000D+000  6.8148319799D-003  4.0373424424D-003
 -4.1216706925D-003  9.0297377643D-003  7.1839672764D-003  9.8864978581D-005
  0.0000000000D+000  7.6268708493D-003 -3.5184358431D-003  5.4410037330D-003
  0.0000000000D+000  8.1846900591D-004 -1.2448278959D-004 -8.2824434514D-005
 -9.6410423248D-005  0.0000000000D+000  0.0000000000D+000  2.3977617350D-004
 -4.4918589403D-003  2.9914562065D-003  2.2261980456D-003 -9.4733876366D-002
  2.0413120264D-001  2.4669515252D-003  9.2630993302D-002  0.0000000000D+000
  1.9077103951D-001  7.9844656238D-003  3.5832681838D-002  0.0000000000D+000
 -6.1967413057D-003  8.3425845483D-003 -3.8935680347D-003  2.0316427827D-003
  0.0000000000D+000  0.0000000000D+000 -1.6852369198D-001  3.7166384175D-001
 -1.0263637453D-001  1.2902333282D-002  3.4453837905D-012  3.6439379397D-001
 -5.1752828926D-002  3.3128097791D-003  0.0000000000D+000  6.5387137382D-003
  1.2370173157D-002 -9.4065900347D-003  2.3783677316D-003  0.0000000000D+000
  0.0000000000D+000  9.7321101369D-002 -6.3720145530D-003
 -6.2535280307D-002  1.2472130475D-001 -5.4293440503D-002 -2.2809015340D-001
  0.0000000000D+000  5.0157957616D-002  2.5233712442D-006  5.2628386648D-002
  0.0000000000D+000 -2.3266359119D-002  1.8816724073D-002 -1.1436059288D-002
 -1.4837172231D-002  0.0000000000D+000  0.0000000000D+000 -7.9887336889D-003
  1.5029132733D-002  1.7235909607D-003 -1.7939494554D-002  0.0000000000D+000
  1.2660326533D-003 -3.9339650928D-002 -2.1318881640D-002  0.0000000000D+000
  1.6056672912D-005  2.6343689530D-003 -8.5764430354D-004 -3.0478912399D-003
  0.0000000000D+000  0.0000000000D+000  1.2370855620D-003  4.3338386354D-003
 -6.0386176827D-003  1.0757837384D-002  6.1279693885D-003 -7.6940173998D-004
  0.0000000000D+000 -2.4453632938D-002 -3.5442082829D-003 -1.2153203284D-002
  0.0000000000D+000  9.1840453050D-004 -1.3958236783D-004 -9.1099866043D-004
 -4.9606566880D-004  0.0000000000D+000  0.0000000000D+000  2.1614015107D-003
  4.6271589722D-003  3.8627834429D-003  7.0138582041D-004 -1.7141877891D-001
  3.6789857749D-001 -1.6475735831D-002  1.3728945274D-001  0.0000000000D+000
  3.7196881295D-001 -9.4862743132D-003  4.8721091890D-002  0.0000000000D+000
 -1.0078492469D-002  5.8972282845D-003 -8.0756073272D-003 -3.3960613526D-003
  0.0000000000D+000  0.0000000000D+000  1.1849186987D-001 -2.6147196303D-001
  5.1171669460D-002 -5.7392005581D-002 -2.7535373544D-012 -2.8213603189D-001
  3.2922379347D-002 -3.3284260255D-002  0.0000000000D+000  9.0746078045D-004
 -6.4649971292D-003  6.5398876929D-003  7.0225335935D-003  0.0000000000D+000
  0.0000000000D+000 -8.5902642115D-002 -1.4748312373D-003
 -3.5270479979D-002  7.2058795916D-002 -1.1061919726D-001  8.7533913123D-002
  0.0000000000D+000  4.9674562373D-002 -3.0231645577D-002  1.4483831850D-003
  0.0000000000D+000  8.3844738917D-003 -6.1949998268D-003 -2.6104851904D-003
 -7.8969017494D-003  0.0000000000D+000  0.0000000000D+000 -1.6521832635D-001
  3.2404612017D-001 -6.1217614689D-002 -5.1868111760D-002  0.0000000000D+000
  2.1961223032D-001  1.1222648165D-002  2.2667293061D-002  0.0000000000D+000
  3.1559019381D-003  1.2352848003D-003 -1.6168311707D-002  4.8120950681D-003
  0.0000000000D+000  0.0000000000D+000  8.5618637882D-002  5.7780445769D-003
 -1.4477158294D-001  2.8018719439D-001  9.3615834943D-002  4.7928016060D-002
  4.0022802909D-012  2.2869358937D-001  1.1659716978D-002  4.7187149702D-003
  0.0000000000D+000  7.0206191362D-003  1.3340404041D-003 -1.5147110751D-002
  4.1078275389D-003  0.0000000000D+000  0.0000000000D+000  7.1622880519D-002
  1.0722373792D-002  7.1671546801D-002  6.2636034545D-003  3.4830019145D-002
 -7.8051009006D-002 -2.5248404338D-002 -1.0166688314D-002  0.0000000000D+000
 -8.6595286787D-002 -8.4423422349D-003 -1.1589329351D-003  0.0000000000D+000
  1.6592247907D-003  6.8524124177D-004  1.1972542905D-004 -3.0566510817D-003
  0.0000000000D+000  0.0000000000D+000  2.2852704842D-002 -5.5250258431D-002
 -1.9228989154D-002 -1.5249643597D-003  0.0000000000D+000 -4.9990970636D-002
 -1.2370686616D-002 -6.0928698256D-003  0.0000000000D+000  3.2345970804D-003
 -4.6403858278D-003 -7.8892487914D-004 -2.4713724004D-004  0.0000000000D+000
  0.0000000000D+000 -1.1169721281D-002  1.0214049992D-003
 -1.0616280246D-001  2.3422849219D-001 -5.6457191984D-002  1.6747864311D-001
  1.9116137561D-012  1.5341752927D-001 -2.6622406426D-002  5.6758432051D-002
  0.0000000000D+000  3.8557395047D-003 -1.2871573125D-002 -9.2037095637D-003
 -5.1085401173D-003  0.0000000000D+000  0.0000000000D+000 -6.2312061969D-002
  1.2694901312D-001  2.1210493110D-001  2.5368853386D-002  0.0000000000D+000
  1.1190919732D-001  5.6616803799D-002  1.7092805641D-002  0.0000000000D+000
 -8.7591451085D-005  2.6079348108D-003 -5.6795813988D-003 -1.1108323184D-002
  0.0000000000D+000  0.0000000000D+000  6.3014660834D-002  1.8473442253D-002
  1.2121426767D-001 -2.4188015975D-001  6.1390371051D-002  8.1189533401D-003
 -4.2167865811D-012 -2.1439285552D-001  2.8178307632D-002  7.5529660030D-003
 -1.0081450588D-012  1.6270750515D-003 -5.7092022816D-003  1.1450079632D-002
  5.5113426728D-003  0.0000000000D+000  0.0000000000D+000 -1.1511040947D-001
 -4.2918386589D-002 -9.7390900713D-002 -3.4731647820D-002  5.0618803491D-002
 -1.1733233419D-001 -9.2177952361D-003  4.0963841081D-002  0.0000000000D+000
 -1.1942802986D-001 -1.9991402618D-003  3.3175784681D-002  0.0000000000D+000
 -1.3910947430D-003  7.1775986930D-003 -1.0558111462D-003 -2.6180362174D-003
  0.0000000000D+000  0.0000000000D+000  4.5862675650D-002 -1.0779598260D-001
 -1.4399873133D-001 -1.6765010663D-001 -2.4877996757D-012 -1.4008301580D-001
 -7.3509024418D-002 -8.5969254492D-002  0.0000000000D+000  1.7056058000D-002
 -1.6614720176D-002 -8.6802249873D-004  7.1661126982D-003  0.0000000000D+000
  0.0000000000D+000 -9.9076329519D-002 -3.4804633956D-002
  4.5735129247D-002 -1.0339102497D-001 -2.5556945953D-001 -4.5561127065D-002
 -1.4672383736D-012 -9.7894614596D-002 -2.0656259037D-002 -1.3695810702D-002
  0.0000000000D+000 -1.4525221227D-002  1.8353355675D-002  7.4243612605D-003
 -1.0809802140D-002  0.0000000000D+000  0.0000000000D+000 -5.7011578548D-002
  1.1379509219D-001  6.8504957642D-002  4.1714227554D-002 -1.1806280511D-012
  1.1440099753D-001  5.8139383679D-002  1.3957692229D-002  0.0000000000D+000
 -7.8028787537D-003  6.0411280768D-003 -5.3877056854D-003 -3.3058111375D-003
  0.0000000000D+000  0.0000000000D+000  7.4817260439D-002  4.3259439446D-002
  6.7057060446D-002 -1.3956353298D-001  8.1039238439D-002  3.1147219785D-002
 -2.7530782890D-012 -1.1085389713D-001  4.9939224283D-002  1.8609848540D-002
 -1.0096798124D-012  1.7175773543D-003 -3.7568371192D-003  5.1593936173D-003
  6.2474696725D-003  0.0000000000D+000  0.0000000000D+000 -8.3180050964D-002
 -3.0805129892D-002 -6.9761468825D-002 -1.9617974798D-002 -3.9940382318D-002
  8.6408903392D-002 -8.5989969118D-002 -5.3140355776D-002  0.0000000000D+000
  1.2832998226D-001 -4.6177194328D-002 -2.2928538519D-002  0.0000000000D+000
 -5.8022892957D-004 -8.2086865223D-003 -8.8596183969D-004 -7.6764849515D-003
  0.0000000000D+000  0.0000000000D+000  4.6137990004D-003 -1.1131934808D-002
  1.2346576637D-001  4.0480638113D-001  2.2118934707D-012 -2.1311251593D-002
  5.2529571588D-002  2.0153953427D-001  0.0000000000D+000 -9.3912631102D-003
  2.0859517078D-002 -2.0218694534D-003 -2.0057726924D-002  0.0000000000D+000
  0.0000000000D+000  2.0199506058D-001  9.9080293491D-002
  5.8230795096D-002 -1.3292967132D-001  1.9163592152D-001 -3.9803688807D-002
 -2.1102539207D-012 -1.0759383849D-001  5.9103875114D-002 -2.0390725697D-002
  0.0000000000D+000  4.7769878737D-003  6.6722019293D-003  2.7785449196D-003
 -3.1245492161D-003  0.0000000000D+000  0.0000000000D+000 -5.3775973070D-002
  1.0873813802D-001 -1.5828855869D-001  2.8838856528D-001 -2.6221402989D-012
  1.0454133588D-001 -3.3566302340D-002  1.0064607539D-001  0.0000000000D+000
 -7.1440657866D-003  8.4536335410D-003 -4.1983224540D-003  5.2253013939D-003
  0.0000000000D+000  0.0000000000D+000  2.0127123713D-001  1.2909090010D-001
  2.4994641595D-002 -5.0657357621D-002  1.4306397960D-003  2.4198564085D-001
 -1.3453261921D-012 -5.6758874712D-002  4.5421506068D-003  9.4215592690D-002
  0.0000000000D+000  9.6613825068D-004 -4.0629619458D-003  2.2857674327D-003
  6.5766942352D-003  0.0000000000D+000  0.0000000000D+000  3.3415690227D-002
  2.2553590412D-002 -1.4464734810D-001 -7.2210318941D-002 -3.6299588382D-002
  8.4179404433D-002  1.1522933769D-001 -6.5614969246D-002 -1.5777653347D-012
  1.1411106070D-001  6.1769662510D-002 -3.8267367256D-002  0.0000000000D+000
 -1.1053838902D-003 -6.5197138254D-003  1.7373046688D-003  9.3856907282D-003
  0.0000000000D+000  0.0000000000D+000 -1.4447593204D-002  3.6551331733D-002
  3.4080958065D-002 -1.1190102976D-001  0.0000000000D+000  3.8556182702D-002
  2.8732681678D-002 -5.7709841181D-002  0.0000000000D+000 -4.2978154217D-003
 -1.4223320759D-003  2.6961168109D-003  4.5316891943D-003  0.0000000000D+000
  0.0000000000D+000 -4.5951484102D-002 -1.6772874911D-002
  2.0122440269D-002 -4.4591388687D-002  8.1364890693D-003 -1.3093880437D-001
  0.0000000000D+000  4.2982516029D-003 -4.0670923106D-003 -8.0111108778D-002
  0.0000000000D+000  1.6009697122D-002 -1.0178791194D-002  7.4575976014D-004
 -4.9817931793D-004  0.0000000000D+000  0.0000000000D+000 -4.1419126829D-002
  9.1922857959D-002 -2.2424081540D-001 -1.9508729168D-001  0.0000000000D+000
  7.5776530324D-002 -8.8541299328D-002 -4.4540284899D-002  0.0000000000D+000
 -5.1097886623D-003 -4.8926672917D-003 -1.4823723554D-003  7.1201267682D-003
  0.0000000000D+000  0.0000000000D+000 -8.0804340861D-002 -8.9792065815D-002
  1.1164034081D-002 -2.0128490593D-002  3.7309641867D-001  5.2425638170D-002
 -1.2220779759D-012 -6.0831296291D-002  1.2062608245D-001  1.2946974846D-003
 -1.4180479898D-012 -1.4026528370D-003 -8.7723609624D-003  1.4844724464D-003
  1.4569710660D-002  1.6523550882D-012  0.0000000000D+000 -1.8762466933D-001
 -1.3769972764D-001 -5.2884092815D-002 -4.9339144081D-002  2.6900076199D-002
 -4.7163213751D-002 -3.0577782578D-003  8.3543967576D-002  0.0000000000D+000
 -1.6375496930D-001  3.5581772455D-003  1.9499960894D-002  0.0000000000D+000
  6.0095400820D-003  8.5951615964D-003  3.0549458211D-003 -8.8711886307D-005
  0.0000000000D+000  0.0000000000D+000 -4.7589546490D-002  1.0661006107D-001
  2.1001225131D-001 -1.2000136048D-001  1.9180515827D-012  1.9424074212D-001
  1.3205703843D-001 -6.3733937917D-002  1.2836211344D-012 -1.7253174822D-002
  3.0996730643D-004  3.0807981503D-003  1.1168889203D-002  0.0000000000D+000
  0.0000000000D+000 -6.6411687820D-002 -4.6971564757D-002
 -3.2038537556D-012  8.7381401852D-012 -4.3210525750D-012 -1.3619887870D-011
  3.6029298910D-001  1.0618110099D-011  1.5669221732D-012 -1.1113393325D-012
  1.7666880295D-001 -1.4983062321D-012  0.0000000000D+000  0.0000000000D+000
  0.0000000000D+000  9.2663252929D-003 -3.5036973125D-003  0.0000000000D+000
 -1.4135725681D-012  0.0000000000D+000  1.4728946341D-012  1.2663132148D-001
 -2.2531675902D-012 -2.8393177927D-012  0.0000000000D+000  7.3898991901D-002
  0.0000000000D+000  0.0000000000D+000  0.0000000000D+000  0.0000000000D+000
  6.7408486301D-003 -5.5206588074D-003  0.0000000000D+000  0.0000000000D+000
  0.0000000000D+000  0.0000000000D+000 -8.5163620141D-012  1.2395559543D-011
  5.8853929723D-002 -2.2216345421D-012 -3.6037575288D-012  3.3834101481D-012
  2.7715531491D-002  0.0000000000D+000  0.0000000000D+000  0.0000000000D+000
  0.0000000000D+000  4.4946320299D-003  1.3132847396D-003  8.0524477962D-012
  6.8153575407D-012 -7.7741177052D-012 -7.0344178313D-012  4.6621932204D-012
 -1.0027518359D-011 -4.8381456857D-012  2.2577587555D-011  2.8694471810D-001
 -2.0255608605D-011 -3.0731492957D-012  1.0830333436D-011  1.6025348799D-001
  0.0000000000D+000  1.6601758704D-012  0.0000000000D+000  0.0000000000D+000
 -1.2029067002D-003  2.2436538542D-002  0.0000000000D+000  0.0000000000D+000
  7.3591209406D-012  6.1162990945D-012  3.6689604402D-001 -6.2637434251D-012
  5.4473567982D-012  2.6343551553D-012  2.4204064744D-001  0.0000000000D+000
  0.0000000000D+000  0.0000000000D+000  0.0000000000D+000 -2.3513912514D-002
  3.3331205039D-003  1.3705900833D-012  0.0000000000D+000
 -6.0660209790D-002  1.4872448993D-001 -6.3331948038D-002 -2.6606902329D-001
 -1.9750614116D-011  1.3068994069D-001 -3.6664488776D-002  2.4268834278D-002
 -9.2186656856D-012 -1.8893145116D-002  2.7620578486D-004 -5.8822566793D-003
 -6.6963223128D-003  0.0000000000D+000  0.0000000000D+000  1.5575913439D-002
 -3.2108659795D-002  2.8761436119D-003  2.0525166178D-002 -7.0954754414D-012
 -4.3404857442D-002 -7.9880814258D-002 -1.8686912070D-002 -4.6128510617D-012
  4.1511757292D-003 -7.4165342889D-004  1.1208550710D-003 -8.6444942593D-003
  0.0000000000D+000  0.0000000000D+000 -2.5239850210D-003  1.2121766464D-002
  3.0418048331D-003 -5.2046592803D-003 -1.4365995832D-001  1.7408313445D-001
 -2.8320423850D-012 -5.8689549468D-002 -7.6255685739D-002  4.1011600183D-002
  0.0000000000D+000  7.6282776218D-003 -7.0006922547D-003  1.9252818696D-004
 -8.2491687417D-003  0.0000000000D+000  0.0000000000D+000  1.3039923151D-001
  1.0691990314D-001 -1.0638822880D-001 -1.0301494587D-001  8.4337607407D-002
 -1.8048632887D-001 -4.8433545244D-002  4.4240567915D-001 -1.5948516964D-011
 -3.3123372481D-001 -1.9423519333D-002  2.3604936377D-001 -1.0478580282D-011
 -1.1007598979D-003  3.1842925513D-002 -2.0834688259D-003 -4.4746934972D-003
  0.0000000000D+000 -1.1631043085D-012  3.3396199224D-003 -6.1668307480D-003
  1.1040129166D-001  9.0827121131D-002 -1.9917512650D-011 -3.2350139383D-002
  7.2051169893D-002  4.0992413011D-002 -1.3653304227D-011 -6.4588279110D-003
  1.1433820241D-002  1.2949808027D-003  3.1661752282D-003  1.3509224510D-012
  0.0000000000D+000  4.4764601343D-002  3.6922294045D-002
 -1.3971114721D-002  2.8494835547D-002  2.0555672924D-002  1.3075450015D-001
  0.0000000000D+000  4.6991010758D-002 -5.0965721923D-002  3.2813956235D-002
  0.0000000000D+000  1.1133977629D-003 -4.4693247580D-005 -1.2601441437D-003
  1.1820930163D-002  0.0000000000D+000  0.0000000000D+000  1.1885845216D-002
 -1.5408303349D-002 -1.4476754802D-001 -2.3613307712D-001  2.0794930412D-012
 -1.2007797198D-001 -2.7687062541D-002 -3.5051461614D-002  0.0000000000D+000
  1.6012922207D-002 -2.4188974780D-002  1.9781825033D-003 -2.7713375210D-003
  0.0000000000D+000  0.0000000000D+000 -1.9247692246D-001 -1.8960666713D-001
 -1.4284580925D-002  3.0550160597D-002  6.5036717203D-002  3.2368872112D-001
  2.3550778447D-012  6.5697199068D-002  4.7963143172D-002  1.4257408373D-001
  0.0000000000D+000  1.4405863838D-002 -2.0704743262D-002 -9.8026944730D-004
 -3.8638161456D-003  0.0000000000D+000  0.0000000000D+000  8.8129005439D-002
  7.6015449250D-002 -2.0069314622D-001 -1.6101260640D-001 -2.2577041308D-002
  4.7169011955D-002  5.4132373820D-003 -1.2266152738D-001  0.0000000000D+000
  1.0418032890D-001  1.0487794401D-002 -5.9937661429D-002  0.0000000000D+000
 -2.2041856164D-003 -6.6635635458D-003  4.4418878731D-004  1.9998463622D-003
  0.0000000000D+000  0.0000000000D+000  3.1779965807D-002 -7.1452389133D-002
 -2.8498979013D-001  1.0724969199D-001 -3.0386026176D-012 -1.0531453355D-001
 -1.8771946349D-001  6.2066655106D-002 -2.1819062640D-012  1.5226817341D-002
 -1.5277495511D-003 -4.3010101825D-003 -1.0748036833D-002  0.0000000000D+000
  0.0000000000D+000  6.2350806964D-002  1.1748253694D-002
  4.2010815178D-003 -1.5394164583D-002 -2.4315612287D-001  1.2600521720D-001
 -2.3096506693D-012  7.7695263810D-002 -2.1343536521D-002 -1.1413747455D-002
 -1.6158120400D-012  1.7072329402D-002 -1.2018430767D-002  4.7163267289D-003
 -4.5335059538D-003  0.0000000000D+000  0.0000000000D+000 -1.2404237310D-002
  2.6148666973D-002  1.8756224317D-001 -8.8155393295D-002  0.0000000000D+000
  1.0208628203D-001  4.3131121593D-002 -5.5729797844D-002  0.0000000000D+000
  6.9916972868D-003 -7.7723825487D-003 -6.8196422561D-004 -1.2452093454D-002
  0.0000000000D+000  0.0000000000D+000 -5.6502046199D-002 -7.4632207589D-002
  1.5922309636D-002 -3.4590767475D-002 -1.7785395221D-001  1.3004914443D-001
  0.0000000000D+000 -8.9651824812D-002 -6.1267873735D-002  4.5447650891D-002
  0.0000000000D+000  1.3518174494D-002 -1.0439109546D-002  6.5119953835D-004
 -1.2561047665D-002  0.0000000000D+000  0.0000000000D+000  1.4214026054D-001
  1.5226631924D-001 -1.0220985121D-001 -6.5742182187D-002 -2.0339435633D-002
  4.4901049938D-002 -1.5401426387D-001 -2.1331035064D-001  0.0000000000D+000
  6.2017797786D-002 -9.9191987824D-002 -1.3342108181D-001  0.0000000000D+000
  5.1646631955D-003 -1.3304129056D-002  2.2090521455D-003 -1.2780152388D-002
  0.0000000000D+000  0.0000000000D+000 -5.4499185475D-002  1.1838987700D-001
  3.4629358263D-001 -1.8310388468D-001 -1.4749910033D-012  2.2667636420D-001
  2.3699136058D-001 -9.1307711626D-002  0.0000000000D+000 -1.6403247794D-002
 -9.7940058193D-003  4.0825288815D-003  1.2748210021D-002  0.0000000000D+000
  0.0000000000D+000 -1.3156117623D-001 -9.8106038603D-002
  0.0000000000D+000  0.0000000000D+000  0.0000000000D+000  1.1042838134D-012
 -1.1063906335D-001  0.0000000000D+000 -1.4907356842D-012  1.0599335254D-012
 -5.4324904798D-002  0.0000000000D+000  0.0000000000D+000  0.0000000000D+000
  0.0000000000D+000  2.2779426020D-002  2.6863779687D-002  0.0000000000D+000
  0.0000000000D+000  1.1766171771D-012 -1.4743077431D-012 -1.8917790742D-001
  2.5776968017D-012  0.0000000000D+000 -1.8388802483D-012 -1.1191136948D-001
  0.0000000000D+000  0.0000000000D+000  0.0000000000D+000  0.0000000000D+000
  3.8766342502D-003  6.8807822030D-003 -1.6714282503D-012 -1.9732622674D-012
  0.0000000000D+000 -1.2184941793D-012 -1.5418075786D-012  0.0000000000D+000
 -1.5877349090D-001  0.0000000000D+000  0.0000000000D+000  0.0000000000D+000
 -1.1820328088D-001  0.0000000000D+000  0.0000000000D+000  0.0000000000D+000
  0.0000000000D+000 -7.6168565672D-003 -3.3013743727D-003  1.6932893754D-012
  1.8553983682D-012  0.0000000000D+000  0.0000000000D+000  0.0000000000D+000
  1.1893445138D-012  5.4892740299D-012  0.0000000000D+000 -3.1492270606D-001
  0.0000000000D+000  3.8969948041D-012  0.0000000000D+000 -2.1801322073D-001
  0.0000000000D+000  0.0000000000D+000  0.0000000000D+000  0.0000000000D+000
  3.6393509423D-003 -1.7869194429D-002  0.0000000000D+000  0.0000000000D+000
 -1.9426371354D-012  2.6353478633D-012  4.9627372972D-001 -2.3450376810D-012
 -1.4936958638D-012  0.0000000000D+000  3.7971875912D-001  0.0000000000D+000
  0.0000000000D+000  0.0000000000D+000  0.0000000000D+000 -2.0302477368D-002
  1.3105655725D-002  0.0000000000D+000 -2.9348646872D-012
  0.0000000000D+000  1.6183976974D-012 -2.8747101068D-012  2.3720636228D-012
 -7.4390483064D-002 -1.2483794984D-012  4.7908993403D-012  1.3433088947D-012
 -5.0721181338D-002  0.0000000000D+000  0.0000000000D+000  0.0000000000D+000
 -2.5503128620D-012 -9.2368020565D-003  2.8058914921D-002 -1.4312074957D-012
  3.1685088204D-012  9.4888864381D-012 -5.8262050437D-012  3.4826472907D-001
  1.0476114123D-011  7.1712597079D-012 -3.3396517510D-012  2.5427376675D-001
  0.0000000000D+000  0.0000000000D+000  0.0000000000D+000  0.0000000000D+000
 -1.2454035633D-002 -4.7587053389D-003 -1.4817587176D-012 -2.1555689424D-012
  0.0000000000D+000  3.3509224909D-012  0.0000000000D+000 -1.2496991601D-012
  3.4676870679D-001  1.1296393673D-012 -4.3860950904D-012 -1.5451990939D-012
  2.2980883609D-001  0.0000000000D+000 -1.4734898009D-012  0.0000000000D+000
  0.0000000000D+000  1.2053979204D-002  7.8980820704D-003  0.0000000000D+000
 -2.8930370184D-012 -1.3731284179D-012 -5.2882347541D-012  0.0000000000D+000
  1.3653564928D-012  2.9264760884D-011  0.0000000000D+000 -3.3984692650D-001
  1.0069835586D-012  1.9613844286D-011  0.0000000000D+000 -2.3719812796D-001
  0.0000000000D+000  0.0000000000D+000  0.0000000000D+000  1.1527777275D-012
  2.2506892996D-004 -1.7539281084D-002  0.0000000000D+000 -1.6834632882D-012
  9.9075246064D-012  3.9385028422D-012  9.0540742340D-002 -6.7313773586D-012
  7.9933521527D-012  1.9243355452D-012  7.6382901388D-002  0.0000000000D+000
  0.0000000000D+000  0.0000000000D+000  0.0000000000D+000 -4.4076756136D-003
  5.2378839754D-003  1.0309370578D-012  2.1539820834D-012
 -1.2076241476D-002  3.3720320200D-002 -3.9067160467D-002  4.9851595921D-002
  7.0643590691D-012  3.7136461421D-002  1.5236875464D-001  1.0298812623D-002
  5.4324121865D-012  2.7479046379D-003 -2.8777455289D-003  4.0161650733D-003
 -5.1935402448D-002  0.0000000000D+000 -1.5263934975D-012 -3.1843793385D-002
  6.1261255279D-002  1.5182964309D-001 -1.2420084801D-001 -1.5049157688D-011
  2.9228835459D-001  8.9457433413D-002 -1.1293964002D-001 -1.2217168949D-011
  4.5164717560D-003 -9.4082386179D-003 -1.2134858519D-003 -1.1266907642D-003
  0.0000000000D+000  0.0000000000D+000 -6.5835521754D-002 -9.3503853778D-002
 -4.3382693722D-003  1.4735899564D-002 -2.3763630769D-002 -2.3115017261D-002
 -1.6161844888D-011 -1.0491437130D-002 -8.7768998720D-002 -2.7379753885D-002
 -1.0707487689D-011  3.5312725211D-003 -4.5954009294D-003  8.4972914780D-004
 -1.6730404280D-003  0.0000000000D+000  0.0000000000D+000  2.1339413593D-002
 -1.8339124453D-003 -5.8684180142D-003 -7.4448652282D-002 -5.5158913863D-004
  3.5008667782D-003  5.9343343923D-001 -4.1302812718D-003  1.7792669552D-011
 -1.2871527067D-002  3.9882607656D-001 -6.8623854553D-003  1.2761704960D-011
 -1.8873135344D-003  8.2358838192D-004  2.1913905604D-003  2.3155066831D-002
  0.0000000000D+000  1.0523273781D-012  2.2746170864D-002 -4.6183281993D-002
  1.8061178174D-001  9.1704768930D-002 -8.1822985983D-012 -1.8863176808D-001
  1.5726611479D-001  7.2335287834D-002 -7.0622902834D-012 -2.9732908822D-003
  1.1730717654D-002  4.1631810205D-003 -9.4354218717D-004  0.0000000000D+000
  0.0000000000D+000  3.6086562692D-002  6.4868621043D-002
  0.0000000000D+000 -1.5922072196D-012  0.0000000000D+000  0.0000000000D+000
 -2.9683122042D-001 -6.3873236194D-012 -1.8027593199D-012 -2.9067318785D-012
 -2.2174002238D-001  0.0000000000D+000  0.0000000000D+000  0.0000000000D+000
  0.0000000000D+000  1.8851582752D-002 -2.4627307393D-002  0.0000000000D+000
  1.1608539817D-012  2.6792662952D-012  1.8946171144D-012 -2.7187846803D-001
  5.2347049793D-012  5.2905942592D-012  0.0000000000D+000 -3.8076495364D-001
  0.0000000000D+000  0.0000000000D+000  0.0000000000D+000  0.0000000000D+000
 -3.1883693595D-002 -4.1908404758D-003  0.0000000000D+000 -3.6613825525D-012
  0.0000000000D+000  4.4123751185D-012 -1.1212124792D-012  0.0000000000D+000
  3.9504002700D-001  1.0820444794D-011 -5.5202519751D-012  0.0000000000D+000
  5.1285882189D-001  0.0000000000D+000 -1.7127414600D-012  1.1173269921D-012
  0.0000000000D+000 -1.3268040497D-002 -5.1202356594D-003 -2.5284481984D-012
 -1.1432216628D-011 -1.8362859059D-012 -7.8197631859D-012  0.0000000000D+000
  0.0000000000D+000  1.2360706264D-012  1.3274236514D-012  2.5851899876D-001
  0.0000000000D+000  1.7916343257D-012  0.0000000000D+000  2.5131075360D-001
  0.0000000000D+000  0.0000000000D+000  0.0000000000D+000  0.0000000000D+000
  6.5275057582D-004  5.0506647705D-004  0.0000000000D+000  0.0000000000D+000
 -1.1364509972D-012  1.1219199173D-012  1.7371506522D-001  5.8805840051D-012
 -2.6654161604D-012  0.0000000000D+000  1.5301530813D-001  0.0000000000D+000
  0.0000000000D+000  0.0000000000D+000  0.0000000000D+000  6.2786140866D-003
  6.9642567278D-003 -1.0795545445D-012 -4.8230604965D-012
 -5.3803272422D-003  1.3892881436D-002  7.0957438880D-002 -6.3289043080D-004
  2.5509258565D-012 -6.3423979400D-002  1.9394245617D-001 -1.2081616103D-001
  3.9432014810D-012  8.0062996082D-003 -1.3174899248D-002  6.0315476880D-003
  1.0229428120D-003  0.0000000000D+000  0.0000000000D+000  4.6551235985D-002
 -8.6663694483D-002 -1.5929289761D-002 -1.7417590821D-001 -4.4218816829D-012
 -5.3096429711D-001  1.6070908065D-001 -5.2924903314D-001 -8.1480469587D-012
  1.5668937709D-003 -1.0188102296D-003  3.6819100607D-003  9.6794529114D-003
  0.0000000000D+000  0.0000000000D+000  3.0029586247D-003  8.1100108676D-001
 -7.0141993765D-003  1.9530620373D-002  6.9744330960D-002 -7.9678972849D-003
  3.6522612369D-012  2.0807339264D-002  9.2907570077D-002  7.4897387979D-002
  5.2219588252D-012  4.9860513245D-003 -6.6550493046D-003  9.5805928782D-005
 -8.1765491970D-003  0.0000000000D+000  0.0000000000D+000  2.9526648430D-002
  1.6295006258D-001 -3.3861937768D-002 -7.3730088511D-002  1.4734415940D-002
 -3.1687322860D-002 -5.4549236131D-002 -6.3489254395D-002 -2.2367468767D-012
 -1.3636605159D-001 -6.4385419847D-002 -8.8690740080D-002 -2.4081756762D-012
  6.3720840961D-003 -3.3638765446D-003  3.4495966169D-003 -7.4128149898D-004
  0.0000000000D+000  0.0000000000D+000  7.1923980878D-002 -9.4075617800D-002
  6.4502948477D-002 -2.8045910664D-001  0.0000000000D+000 -8.8703024290D-001
  1.0918214710D-001 -4.3025491778D-001  2.2862620117D-012  2.6744003805D-002
  2.3500864921D-002  3.7044296333D-002  1.0923770139D-002  0.0000000000D+000
  0.0000000000D+000  1.4056112538D-001  1.2685486320D+000
 -2.4096139192D-012  6.1003491041D-012  3.4496393216D-012  5.7259677089D-012
  5.2573534553D-001  3.0455175517D-011  8.0832152107D-012  1.7712319193D-012
  5.7667118107D-001 -2.0522656830D-012  0.0000000000D+000  1.2850308039D-012
  0.0000000000D+000  5.0440514695D-003  9.2578692809D-003  0.0000000000D+000
  1.2248781958D-012 -3.1538079327D-012  1.4140439556D-011 -3.6525881065D-001
  2.4747160387D-011 -1.8438741573D-012  2.4816728209D-011 -5.7394605973D-001
  0.0000000000D+000 -1.2263495844D-012  0.0000000000D+000  0.0000000000D+000
  1.2046920269D-002 -2.3525826485D-002 -3.6800061132D-012 -5.1066376129D-011
 -3.2378197971D-012  7.0346780084D-012 -8.4721523512D-012  5.1769204873D-012
  1.9752649018D-001  4.5912969785D-011 -2.3809907413D-011  9.0338060701D-012
  3.8806287338D-001 -1.2562385582D-012  0.0000000000D+000  0.0000000000D+000
  0.0000000000D+000 -1.9548890355D-002 -1.5391558468D-002 -5.8497388519D-012
 -6.2205966001D-011  0.0000000000D+000 -3.6666529462D-012  0.0000000000D+000
  1.9905723256D-012 -6.2477691293D-012 -2.0584585742D-012 -3.0639705427D-001
 -9.0356098560D-012 -7.0987757904D-012 -3.8828835421D-012 -3.4922764586D-001
  0.0000000000D+000  0.0000000000D+000  0.0000000000D+000  0.0000000000D+000
  1.6286943270D-004  9.5703829536D-003  1.8880465097D-012 -4.7105338645D-012
  7.1228885695D-012  0.0000000000D+000 -1.8129491782D-001 -2.0094587428D-011
  1.0992079008D-011  4.5347978912D-012 -2.1556479142D-001  0.0000000000D+000
  0.0000000000D+000  0.0000000000D+000  0.0000000000D+000 -1.1613767602D-002
 -1.9366530814D-002  1.1092498098D-012  1.0760039722D-011
  1.5913990606D-002 -4.4032603470D-002 -8.8261502026D-002 -5.8100161046D-002
  2.2527073878D-011 -3.6751239618D-002 -1.0010800097D-001  9.0642513881D-002
  2.4709698254D-011  2.2778549533D-002 -1.1048877934D-002 -6.0158744054D-003
  9.5750201551D-003  0.0000000000D+000  0.0000000000D+000  3.0907813114D-002
 -3.5046043695D-002  3.6422072099D-003 -2.1654011678D-001 -1.6438621774D-011
 -6.4708579663D-001 -3.0548197978D-001 -5.0430978240D-001 -2.8719466804D-011
 -1.8710755030D-002  2.5377320703D-002 -2.4642029818D-004 -5.5956570308D-003
  0.0000000000D+000  0.0000000000D+000  8.7347956878D-002  1.1042801591D+000
  8.1198011145D-002 -1.3380988986D-001  1.9781861727D-001 -1.1634615526D-001
  8.6431115056D-012 -1.3399383027D+000  5.1432249323D-001 -2.6070275901D-001
  2.3672848422D-011  1.3159426673D-002 -2.5879701991D-003  1.6714149460D-003
 -1.2864908410D-002  0.0000000000D+000  0.0000000000D+000  8.2111703241D-002
  1.4473262641D+000  9.0365281325D-003  1.7421170237D-001  3.6164359248D-003
 -3.2877986825D-002  1.1823343134D-001 -7.0659069354D-003 -1.2058251027D-011
  7.4184145760D-002  1.0956692557D-001  1.5937774273D-002 -1.3852700245D-011
 -3.0071175270D-003 -6.1900665664D-003 -9.3960903315D-003 -5.7828054880D-004
  0.0000000000D+000  0.0000000000D+000 -4.0968864277D-002  8.5877489723D-002
 -1.0316503089D-001  8.3159318554D-002 -7.8930214342D-012  4.1086934817D-001
 -1.1968718752D-001  1.3486028296D-001 -1.0369240438D-011 -1.0588713197D-002
 -4.5569368952D-003 -9.7394795943D-003 -9.1465649120D-003  0.0000000000D+000
  0.0000000000D+000 -4.7237875323D-002 -5.5464023855D-001
 -3.8332025537D-002  5.2546610558D-002  6.0356720480D-002  5.7152131796D-002
 -5.0848439464D-012  7.0451984808D-001  1.1434883236D-001 -8.9202664446D-002
 -3.9218656147D-012 -8.5603489019D-003  5.3574089821D-003  6.4335145650D-003
 -8.0674576189D-003  0.0000000000D+000  0.0000000000D+000 -2.6085259401D-002
  2.4888398586D-002 -9.6805231457D-002  1.2934867157D-001  0.0000000000D+000
  4.8451845835D-001 -2.3461897452D-001  3.0243728719D-001  0.0000000000D+000
  1.0112800920D-002 -1.7942005115D-002 -2.2472562148D-003 -1.1720266991D-002
  0.0000000000D+000  0.0000000000D+000 -8.9213864180D-002 -7.6152775962D-001
  1.0371894005D-001 -1.6045503267D-001  8.5489361645D-002  2.3590515472D-001
  0.0000000000D+000 -1.6279432096D+000  1.4658177809D-001  5.8387647689D-001
  6.8518272927D-012 -9.5420717737D-003  2.1485208940D-002  4.7967039906D-003
  6.1515234724D-003  0.0000000000D+000  0.0000000000D+000  5.0412771487D-003
  5.0156607419D-001  1.2119243290D-001  1.6645801791D+000  2.5514455369D-002
 -4.4280804821D-002  2.1960162916D-002 -1.3966033666D-002  1.9510486887D-012
 -3.3089326388D-001 -1.5325392106D-002 -1.5390435882D-001  2.6890700957D-012
  1.2223525545D-002 -8.5879406339D-003  1.0007784481D-002  7.0573137039D-003
  0.0000000000D+000  0.0000000000D+000  3.9730171594D-002 -7.0986916647D-002
  7.5989027068D-002 -7.5927165459D-003  2.1461359725D-012 -4.5955816670D-001
  1.5964476532D-001  1.6954184396D-002  2.6874675543D-012  5.5498704466D-003
  1.0616629298D-002  1.2952411526D-002  5.0058351377D-003  0.0000000000D+000
  0.0000000000D+000  4.2920320351D-002  3.5346114969D-001
 -8.3047037569D-002  1.5253480003D-001 -1.8400707235D-001  1.1892757832D-001
 -2.1359260395D-012  9.8942253760D-001 -7.2628612666D-002  2.3430303178D-001
 -5.3425544320D-012 -1.3544234560D-002 -1.1325383116D-002  1.1759372895D-002
  5.4882187231D-003  0.0000000000D+000  0.0000000000D+000  1.0400944829D-001
 -1.7929303375D-001 -1.1224163759D-001 -9.7477021923D-002  2.6102303112D-012
 -1.4362045088D+000 -3.9408979593D-001 -7.7570007495D-001  2.3098040008D-012
  2.3059814572D-002 -9.0902984687D-003 -1.7017278812D-003 -2.8278233082D-002
  0.0000000000D+000  0.0000000000D+000  3.7486114333D-002  1.4929938713D+000
 -3.2377498504D-002  5.0905326139D-002 -1.4877597744D-001  1.9938310983D-001
  0.0000000000D+000  2.0559315002D-001 -5.7904965849D-001  9.0341219095D-001
 -3.8014089500D-012 -1.5966362304D-002  1.2015870491D-002 -3.0973854883D-003
 -2.1493643733D-003  0.0000000000D+000  0.0000000000D+000 -7.1158196320D-002
 -1.3376081166D+000  4.4188899313D-002  8.1426122182D-001  2.1074782424D-002
 -5.3883552048D-002  8.9167877658D-002 -7.4887403740D-002  1.8869922914D-012
 -1.7341323780D-001  8.8324917231D-002 -1.4498463425D-001  2.6378949131D-012
 -8.8773931285D-004 -5.8809842788D-003  6.7057978351D-003 -4.8390837294D-003
  0.0000000000D+000  0.0000000000D+000  1.4274212005D-003  2.9689483547D-003
  6.8072259442D-002  1.1495944011D-001  1.0591619149D-012 -6.3306862292D-002
  1.4209353627D-001  2.1053984894D-001  0.0000000000D+000  3.2994958511D-003
 -5.8156332306D-003  5.1281962093D-003 -8.4299102346D-004  0.0000000000D+000
  0.0000000000D+000 -5.7535194902D-002 -3.7936647955D-001
 -1.3275102379D-001  1.2465430388D-001  1.9404552068D-001  1.9665386391D-001
 -5.4022668959D-012  2.7433582153D+000  9.4929760506D-002  2.5274969584D-001
 -7.0673198593D-012 -3.6351042441D-002 -1.4381692367D-003  2.6179467865D-002
  7.9422541731D-004  0.0000000000D+000  0.0000000000D+000  6.4881083274D-002
 -1.2715221793D-001 -1.6669378346D-001  1.9649924495D-001  3.2238260615D-012
 -9.8463806306D-001 -7.3039214693D-001  1.0039378688D+000  4.4324911114D-012
 -4.3779220175D-005 -8.5346145150D-003  2.2482412585D-003  3.6051887757D-003
  0.0000000000D+000  0.0000000000D+000  1.8506633158D-002 -4.9484625092D-001
 -2.9631581442D-002  4.7696062333D-002  1.3195910082D-001 -2.2714756352D-001
  0.0000000000D+000  3.8657825697D-001  7.9072804696D-001 -8.8604966367D-001
 -4.1741375646D-012 -1.9600304283D-002  1.6615787828D-002  6.1874222590D-004
  4.2170838944D-003  0.0000000000D+000  0.0000000000D+000 -4.4208677379D-002
  9.6198179422D-001  2.8184220232D-002 -1.1346891427D+000  3.8910260690D-002
 -3.7556639662D-002 -9.3439799244D-002 -1.2763402117D-001  2.1510981836D-012
 -6.7796640301D-001 -1.0057522442D-001 -3.8223163916D-001  3.1967407667D-012
  1.2607055678D-002 -1.1540875103D-003  3.7499123138D-002  4.6848095882D-003
  0.0000000000D+000  0.0000000000D+000  6.6676046050D-002 -1.3418167281D-001
  2.2322363979D-001  2.1017294386D-001  2.1191497353D-012 -8.0322765003D-001
  5.3145553301D-001  4.4446072622D-001  2.7044794365D-012  3.9775121984D-003
  7.2885337107D-003  2.1862416710D-002  1.2289066658D-002  0.0000000000D+000
  0.0000000000D+000 -4.1205973307D-002 -1.9203604156D-001
  3.1614565307D-002 -3.2771529996D-002  1.3127183551D-001  1.3477304590D-001
  2.2399393247D-012 -1.0514292292D+000  3.9100474408D-002  2.7070799376D-001
  0.0000000000D+000 -3.3360985421D-002  3.8666177602D-002 -1.2113243934D-002
 -2.5852945871D-002  0.0000000000D+000  0.0000000000D+000  7.2278865978D-002
 -5.0175188104D-002  2.4917244508D-001  3.0352907297D-002 -1.3209228118D-012
 -2.9308224096D+000  2.2133380675D+000  8.1903801722D-001  0.0000000000D+000
  2.3679795192D-002 -1.9381643265D-002  2.9743380569D-003  2.8861385727D-002
  0.0000000000D+000  0.0000000000D+000 -6.7521220837D-002  1.7015801876D-002
 -7.1581925030D-002  5.5513569242D-002  1.6901813230D-001  1.1512377201D-001
  4.7787214051D-012  2.5855544154D+000  2.1290408564D+000  1.4017728294D+000
 -5.8674268788D-012 -1.2076075916D-002  1.2321924374D-002 -6.4160310178D-003
 -3.1438192733D-002  0.0000000000D+000  0.0000000000D+000  7.9992759327D-002
  3.2219820124D-001  7.7415544451D-002  6.2510988670D-001 -3.8949536971D-002
  5.5361243502D-002  1.1256102055D-004  1.5277286304D-001  0.0000000000D+000
  6.0647783250D-001 -6.0488957696D-002  3.3113166284D-001  0.0000000000D+000
 -9.9335456182D-003 -1.0438025190D-002 -2.0395804230D-002  1.0829908507D-002
  0.0000000000D+000  0.0000000000D+000 -6.7073694028D-003 -4.7701602369D-002
  1.5363520884D-001  4.2088800940D-002  0.0000000000D+000  2.9770496577D-001
  4.4158490235D-002  1.8438566415D-002  0.0000000000D+000  8.2305713264D-003
 -3.0232932715D-002 -2.4367073772D-002 -4.2080564182D-003  0.0000000000D+000
  0.0000000000D+000 -7.0119141303D-002 -4.0020090456D-001
 -1.5964935721D-002  1.9806181970D-001  6.0733324764D-003  2.8613299522D-001
  2.1904746789D-012 -8.6866403933D-001  1.8155516607D-002  2.7080460542D+000
 -5.4305836604D-012 -1.6281564272D-002  8.2890606732D-004  9.5742039748D-004
 -7.2989088027D-003  0.0000000000D+000  0.0000000000D+000 -6.2676000798D-003
  6.3021832878D-002 -1.4456818816D-001 -1.1225676471D-001 -1.4284268461D-012
  7.3083997447D-001 -1.8411763320D+000 -1.1016588596D+000  1.8361316316D-012
  6.4012766926D-002 -2.2624516421D-002 -1.0310591408D-002  1.6832284704D-002
  0.0000000000D+000  0.0000000000D+000 -1.0278895105D-001  7.8033817027D-001
  2.6511719105D-002  1.2488794262D-001  2.1320831101D-001 -1.2896900400D-003
 -2.2911107443D-012 -2.1994309501D+000 -1.3718503614D+000 -7.5757932386D-001
  2.1710620037D-012 -2.3958866464D-002  1.3564742822D-002  1.1924263789D-002
  3.3659968333D-002  0.0000000000D+000  0.0000000000D+000 -1.4433507784D-001
  9.3678343526D-002  4.8112461674D-002 -5.5449045210D-002 -1.0499404343D-001
  9.0375828323D-002 -7.1417234811D-002  7.4940023156D-002  1.9903903481D-012
  2.3467940476D+000 -8.6046209380D-002  8.9080740467D-001  0.0000000000D+000
 -6.8882035189D-002  1.0969146622D-002 -6.2766337592D-002 -3.0555505081D-003
  0.0000000000D+000  0.0000000000D+000  1.9952935071D-002  2.0717142055D-002
  1.3329447408D-001 -1.1840046264D-002  1.7910219162D-012 -6.5636717687D-001
  3.7919420642D-001 -1.3303913866D-001  0.0000000000D+000  3.5644233629D-002
  7.5827352619D-003  1.7894581464D-002  2.0411083522D-002  0.0000000000D+000
  0.0000000000D+000 -8.2946396392D-002  5.8722715660D-002
  1.8131218044D-002 -9.8682043789D-002  5.5846821031D-001 -7.4774205163D-002
 -3.4481681747D-012 -7.7404133280D-001  2.1036043007D+000 -4.4021198667D-001
  5.0832811010D-012 -2.1968208927D-002 -4.6130215059D-003  1.3556217075D-002
 -1.4763528892D-002  0.0000000000D+000  0.0000000000D+000 -6.9079365623D-002
  1.5396528670D-002  2.7169596158D-002 -2.3799089252D-001  0.0000000000D+000
  2.1433148071D+000  1.0525606355D+000 -1.7715289820D+000 -2.5508020183D-012
 -1.2398414444D-002 -2.4186148889D-002  7.2402758451D-003  4.5267262353D-002
  0.0000000000D+000  0.0000000000D+000 -8.8786358993D-003  1.0678760632D+000
  1.6477604697D-002  3.3649937538D-002  4.8780185937D-002  1.4480553349D-001
  0.0000000000D+000 -6.4106415970D-001 -1.0721611244D+000  2.8652081796D-001
  0.0000000000D+000  3.7324924366D-002 -4.6262821276D-002  9.7926305719D-003
  4.5251098735D-003  0.0000000000D+000  0.0000000000D+000  6.1492552321D-002
 -5.9843735644D-001 -1.6440416960D-001  5.4460626110D-001  2.0618435336D-002
 -4.2577484095D-002 -1.9043119289D-001 -6.9235612653D-003 -1.1409722778D-012
 -3.2406752185D-001 -4.7679953032D-001 -1.7018166512D-001 -1.0815070312D-012
  2.8522219057D-003 -8.4470167178D-003  1.0668513092D-002  1.5800971874D-002
  0.0000000000D+000  0.0000000000D+000  3.9187125467D-002 -7.4512820354D-002
  9.9610010854D-002  2.5594138992D-001  0.0000000000D+000 -5.8953114871D-001
  2.3388814241D-001  6.4900847884D-001  0.0000000000D+000  5.4251469844D-004
  2.2439349780D-002  7.5966488808D-003 -2.0729758216D-003  0.0000000000D+000
  0.0000000000D+000 -3.1941786387D-002 -6.8865704488D-001
GEOMETRY2
  6        0.94029587255400       -0.25311441591400        0.00000000000000
  6       -1.47501826211000        1.20964299800000       -0.00000000000000
  1       -1.38994777208000        3.26689768291000       -0.00000000000000
  6       -3.69385971798000        0.01215588170550        0.00000000000000
  1       -5.47487543533000        1.03045919333000       -0.00000000000000
  1       -3.75261740748000       -2.03979428138000        0.00000000000000
  8        1.06630599011000       -2.53161861641000        0.00000000000000
  8        3.09591200674000        1.15483853912000       -0.00000000000000
  1        2.69118928526000        2.94457124071000       -0.00000000000000
HESSIAN 6-31G(d)
  27
  5.5330150032D-001
 -3.2983950652D-002  1.0402717637D+000
  2.4172706266D-011 -1.2895817002D-011  1.9493781830D-001
 -1.6423839524D-001  2.7252756250D-002  0.0000000000D+000  7.3988300077D-001
  6.0091949987D-002 -1.2290086316D-001  1.3544226660D-012  1.4820675576D-001
  7.0860442202D-001
 -4.3262304452D-012  1.1006435903D-011 -7.5600943363D-002  3.7540694828D-012
 -7.4747778833D-012  1.0901616186D-001
  7.2959657838D-003  2.3076816316D-002  0.0000000000D+000 -5.8167102513D-002
 -6.6433295857D-003  1.3685304343D-012  6.1011236993D-002
 -1.1460909316D-002 -1.3488340348D-002  0.0000000000D+000 -8.1951057721D-003
 -3.2972819201D-001  3.0227085292D-012  1.2963545811D-002  3.5115928591D-001
  0.0000000000D+000 -1.3951245259D-012 -1.1142774429D-003 -1.7406509519D-012
  4.2300875392D-012 -3.4368333334D-002  0.0000000000D+000 -2.2112632682D-012
  2.3670699614D-002
 -3.9483479688D-002  3.0191328950D-004  2.5310285684D-012 -4.5454837731D-001
 -1.9383753361D-001 -2.4976766665D-012  1.7086920319D-003  8.2200364548D-004
  0.0000000000D+000  8.2676201479D-001
  3.6348165301D-003  2.0604477722D-002 -1.3750828333D-012 -1.8543024619D-001
 -2.2261464713D-001  0.0000000000D+000 -3.3032942216D-002 -1.2295982964D-002
  1.0882469687D-012  7.9078793294D-002  7.0040263499D-001
 -2.1987467280D-012  0.0000000000D+000  3.3264841709D-003 -1.2433782528D-012
  1.9654517514D-012 -4.7778066025D-002 -1.4431757659D-012  0.0000000000D+000
  4.4842559146D-003  5.6064777269D-012  4.0523677474D-012  1.1676785040D-001
 -1.0539051282D-003 -4.6164985475D-003 -1.0912435617D-012 -1.8992219426D-002
  1.6737222103D-002  0.0000000000D+000  1.1194076043D-003 -1.8205757943D-004
  0.0000000000D+000 -2.7228065229D-001  1.2447722029D-001  0.0000000000D+000
  2.8830730640D-001
 -1.4144076255D-003 -3.9867031322D-003  1.7646720229D-012 -1.7129844410D-002
  1.1822089273D-002  0.0000000000D+000  3.9196272876D-004  1.1817326544D-003
  0.0000000000D+000  1.2920607168D-001 -1.3486451699D-001 -2.2565621442D-012
 -1.3524969982D-001  1.3127875896D-001
  1.6893649597D-012 -1.9471575597D-012  1.4134965051D-002  1.5652306913D-012
  2.2271077140D-012  7.0586020235D-003  0.0000000000D+000  0.0000000000D+000
 -7.4339122142D-003 -4.2155825670D-012 -1.8199580506D-012 -3.8108461725D-002
  1.1768275958D-012  1.1863189553D-012  2.4173561317D-002
 -5.2666609823D-004 -4.6453503972D-003  0.0000000000D+000  3.9119748336D-003
 -3.0343029988D-002  0.0000000000D+000 -4.7968322922D-003 -2.0110236040D-003
  0.0000000000D+000 -5.8371698357D-002 -2.7434135005D-003 -1.8696331293D-012
  4.4168126372D-003  2.4328886221D-002  0.0000000000D+000  5.2958506835D-002
  1.4412491337D-003 -1.7872994496D-003  1.1633679367D-012 -1.3450298538D-003
 -1.2428019731D-002  0.0000000000D+000 -1.8126402802D-003  2.1915459463D-004
 -1.3100578829D-012 -8.3452859201D-003 -3.4589716787D-001 -1.9109605293D-012
 -2.2137984955D-003 -7.7072300545D-003  0.0000000000D+000  1.1033677668D-002
  3.6635517111D-001
  0.0000000000D+000  0.0000000000D+000 -8.9783035781D-003  0.0000000000D+000
 -2.1424056725D-012  6.6309024647D-003  0.0000000000D+000  0.0000000000D+000
  1.1748365224D-002 -1.4897545250D-012 -2.7025976556D-012 -4.0246425473D-002
  0.0000000000D+000  0.0000000000D+000  3.7194046794D-003  0.0000000000D+000
  3.6863616490D-012  2.5861417011D-002
 -1.1084112782D-001  5.7647712464D-002  6.0904346017D-012  5.6798085010D-004
  3.6295297960D-002 -2.8874528342D-012 -5.3927379313D-003  4.6603384485D-003
  0.0000000000D+000 -9.7905648967D-004  3.0908611417D-003  0.0000000000D+000
  4.6963000058D-004  1.0996406908D-003  0.0000000000D+000  4.2058998111D-004
  1.5979554424D-003  0.0000000000D+000  1.0946496326D-001
  5.6821085185D-002 -7.5362054278D-001  1.3718917468D-011  3.0390315791D-002
 -4.3592716361D-002 -2.3706161458D-012  6.1287030760D-003 -9.2307711293D-004
  0.0000000000D+000 -9.7830833674D-003 -5.5211255723D-003  0.0000000000D+000
  3.8569226405D-004  1.5695977917D-003  0.0000000000D+000  2.4601885895D-003
  1.3356718615D-003  0.0000000000D+000 -3.8296874290D-002  8.7472502570D-001
  0.0000000000D+000  6.9478622018D-012 -7.3434814801D-002 -1.0930360345D-012
  0.0000000000D+000  1.8736483590D-002  0.0000000000D+000  0.0000000000D+000
  2.7459152633D-003  0.0000000000D+000  0.0000000000D+000  3.7553497370D-004
  0.0000000000D+000  0.0000000000D+000 -1.6653126309D-003  0.0000000000D+000
  0.0000000000D+000  3.0633519391D-004 -2.5966068099D-012 -1.0378205916D-011
  3.3034193950D-002
 -2.5689913147D-001 -2.6043212217D-002 -3.2338431682D-011 -4.6349988584D-002
 -2.7994792042D-002  5.4969769859D-012  7.8468664295D-005  1.6043062955D-003
  0.0000000000D+000 -3.1323156517D-003  9.6098573042D-003  0.0000000000D+000
 -2.1388354023D-003 -1.2681701705D-003  0.0000000000D+000  1.3314202300D-003
 -2.5908615358D-004  0.0000000000D+000  1.3374662922D-002 -4.1456648381D-002
  5.4861368113D-012  3.6819620331D-001
 -8.8427068713D-002 -1.3502668323D-001 -1.1741480500D-012  2.4210146823D-003
  7.3209181921D-003 -4.5392136680D-012 -1.5471617116D-003  2.9125979258D-003
  0.0000000000D+000  2.4564998596D-003  1.2633574732D-003  0.0000000000D+000
  3.4060972807D-004  4.8324382452D-004  0.0000000000D+000  1.9179091953D-003
 -3.2176953807D-004  0.0000000000D+000 -5.8792012794D-002 -7.5122066138D-002
  2.1521884138D-012  5.9443177799D-003  6.5662622935D-001
 -2.6927055025D-011 -2.5016989651D-012 -4.6036020971D-002  0.0000000000D+000
  0.0000000000D+000  1.8078882359D-002  0.0000000000D+000  0.0000000000D+000
 -9.7116450816D-004  0.0000000000D+000  0.0000000000D+000  1.5956057104D-003
  0.0000000000D+000  0.0000000000D+000 -2.1060612775D-003  0.0000000000D+000
  0.0000000000D+000  7.7036483307D-004  0.0000000000D+000  0.0000000000D+000
  1.2739485625D-002  3.2549137855D-011  1.9415244988D-012  2.3035149060D-002
  1.2445239339D-002 -3.9990186476D-002  1.9162393691D-012 -2.0668734104D-003
 -2.5125405920D-003  0.0000000000D+000 -2.8570983411D-003  1.7989020683D-003
  0.0000000000D+000  3.2487298028D-004  1.3150533531D-003  0.0000000000D+000
  1.5245559920D-004  3.5560705075D-005  0.0000000000D+000  6.5589223094D-004
 -9.7041541535D-005  0.0000000000D+000 -7.0849047590D-003 -6.6493788727D-003
  0.0000000000D+000 -7.4460484018D-002  1.3568589196D-001 -5.2995032195D-012
  7.2890900377D-002
  1.2297235474D-002 -3.0065809291D-002 -2.1782046849D-012  3.8293837257D-003
  3.5170089132D-003  0.0000000000D+000  4.7504585886D-004  9.6282134588D-004
  0.0000000000D+000  1.0062114164D-004 -1.0770296668D-003  0.0000000000D+000
  3.2131005349D-004  2.2302767509D-004  0.0000000000D+000  2.1558164045D-006
  2.3148907585D-004  0.0000000000D+000 -7.3029190503D-003  1.1492326000D-003
  1.0421511440D-012  7.9863427584D-002 -4.5813582787D-001  0.0000000000D+000
 -8.9586260604D-002  4.8319508721D-001
  6.8358906053D-012  1.1968759591D-012 -7.2349072711D-003  0.0000000000D+000
  0.0000000000D+000 -1.7736895645D-003  0.0000000000D+000  0.0000000000D+000
  1.2384514852D-003  0.0000000000D+000  0.0000000000D+000 -4.1677798174D-004
  0.0000000000D+000  0.0000000000D+000  2.2721477644D-004  0.0000000000D+000
  0.0000000000D+000  1.8793964378D-004  0.0000000000D+000 -2.4808886749D-012
  7.1621787865D-003 -9.7826112904D-012  1.2942858325D-012 -7.1062408508D-003
  4.6276023586D-012  0.0000000000D+000  7.7158309790D-003
