External AB INITIO PROGRAM: converted archive file
Jobname.Temp
   8  68  24  60   0   1  26   0 RB3LYP   6-31G(d)        NOOPTOPT FREQ        
GEOMETRY
  1     3.5001990    -1.7793436    -0.0000000
  6     2.5994704     0.0732981    -0.0000000
  1     3.2142616     1.1278070     1.6751138
  1     3.2142616     1.1278070    -1.6751138
  6    -0.2524602    -0.2615903     0.0000000
  8    -1.3237214    -2.2672863     0.0000000
  8    -1.6164489     1.9270261    -0.0000000
  1    -0.4894202     3.3755648    -0.0000000
BASIS
   0   3   1   1   0
   0   1   4   1   0
   0   6   5   2   0
   1   3  11   2   0
   1   1  14   2   0
   2   1  15   2   0
   0   3  16   3   0
   0   1  19   3   0
   0   3  20   4   0
   0   1  23   4   0
   0   6  24   5   0
   1   3  30   5   0
   1   1  33   5   0
   2   1  34   5   0
   0   6  35   6   0
   1   3  41   6   0
   1   1  44   6   0
   2   1  45   6   0
   0   6  46   7   0
   1   3  52   7   0
   1   1  55   7   0
   2   1  56   7   0
   0   3  57   8   0
   0   1  60   8   0
  1.8731137000D+001
  2.1493541833D-001  0.0000000000D+000  0.0000000000D+000  0.0000000000D+000
  2.8253937000D+000
  3.6457112721D-001  0.0000000000D+000  0.0000000000D+000  0.0000000000D+000
  6.4012170000D-001
  4.1505142766D-001  0.0000000000D+000  0.0000000000D+000  0.0000000000D+000
  1.6127780000D-001
  1.8138068393D-001  0.0000000000D+000  0.0000000000D+000  0.0000000000D+000
  3.0475249000D+003
  5.3633438234D-001  0.0000000000D+000  0.0000000000D+000  0.0000000000D+000
  4.5736951000D+002
  9.8945060758D-001  0.0000000000D+000  0.0000000000D+000  0.0000000000D+000
  1.0394869000D+002
  1.5972822308D+000  0.0000000000D+000  0.0000000000D+000  0.0000000000D+000
  2.9210155000D+001
  2.0791870615D+000  0.0000000000D+000  0.0000000000D+000  0.0000000000D+000
  9.2866630000D+000
  1.7741742532D+000  0.0000000000D+000  0.0000000000D+000  0.0000000000D+000
  3.1639270000D+000
  6.1257982601D-001  0.0000000000D+000  0.0000000000D+000  0.0000000000D+000
  7.8682724000D+000
 -3.9955635160D-001  1.2960827175D+000  0.0000000000D+000  0.0000000000D+000
  1.8812885000D+000
 -1.8415523929D-001  9.9375362822D-001  0.0000000000D+000  0.0000000000D+000
  5.4424930000D-001
  5.1639037938D-001  4.9595271376D-001  0.0000000000D+000  0.0000000000D+000
  1.6871440000D-001
  1.8761787212D-001  1.5412755095D-001  0.0000000000D+000  0.0000000000D+000
  8.0000000000D-001
  0.0000000000D+000  0.0000000000D+000  1.1138249281D+000  0.0000000000D+000
  1.8731137000D+001
  2.1493541833D-001  0.0000000000D+000  0.0000000000D+000  0.0000000000D+000
  2.8253937000D+000
  3.6457112721D-001  0.0000000000D+000  0.0000000000D+000  0.0000000000D+000
  6.4012170000D-001
  4.1505142766D-001  0.0000000000D+000  0.0000000000D+000  0.0000000000D+000
  1.6127780000D-001
  1.8138068393D-001  0.0000000000D+000  0.0000000000D+000  0.0000000000D+000
  1.8731137000D+001
  2.1493541833D-001  0.0000000000D+000  0.0000000000D+000  0.0000000000D+000
  2.8253937000D+000
  3.6457112721D-001  0.0000000000D+000  0.0000000000D+000  0.0000000000D+000
  6.4012170000D-001
  4.1505142766D-001  0.0000000000D+000  0.0000000000D+000  0.0000000000D+000
  1.6127780000D-001
  1.8138068393D-001  0.0000000000D+000  0.0000000000D+000  0.0000000000D+000
  3.0475249000D+003
  5.3633438234D-001  0.0000000000D+000  0.0000000000D+000  0.0000000000D+000
  4.5736951000D+002
  9.8945060758D-001  0.0000000000D+000  0.0000000000D+000  0.0000000000D+000
  1.0394869000D+002
  1.5972822308D+000  0.0000000000D+000  0.0000000000D+000  0.0000000000D+000
  2.9210155000D+001
  2.0791870615D+000  0.0000000000D+000  0.0000000000D+000  0.0000000000D+000
  9.2866630000D+000
  1.7741742532D+000  0.0000000000D+000  0.0000000000D+000  0.0000000000D+000
  3.1639270000D+000
  6.1257982601D-001  0.0000000000D+000  0.0000000000D+000  0.0000000000D+000
  7.8682724000D+000
 -3.9955635160D-001  1.2960827175D+000  0.0000000000D+000  0.0000000000D+000
  1.8812885000D+000
 -1.8415523929D-001  9.9375362822D-001  0.0000000000D+000  0.0000000000D+000
  5.4424930000D-001
  5.1639037938D-001  4.9595271376D-001  0.0000000000D+000  0.0000000000D+000
  1.6871440000D-001
  1.8761787212D-001  1.5412755095D-001  0.0000000000D+000  0.0000000000D+000
  8.0000000000D-001
  0.0000000000D+000  0.0000000000D+000  1.1138249281D+000  0.0000000000D+000
  5.4846717000D+003
  8.3173520885D-001  0.0000000000D+000  0.0000000000D+000  0.0000000000D+000
  8.2523495000D+002
  1.5308074829D+000  0.0000000000D+000  0.0000000000D+000  0.0000000000D+000
  1.8804696000D+002
  2.4771490916D+000  0.0000000000D+000  0.0000000000D+000  0.0000000000D+000
  5.2964500000D+001
  3.2562802462D+000  0.0000000000D+000  0.0000000000D+000  0.0000000000D+000
  1.6897570000D+001
  2.7928936336D+000  0.0000000000D+000  0.0000000000D+000  0.0000000000D+000
  5.7996353000D+000
  9.5493769626D-001  0.0000000000D+000  0.0000000000D+000  0.0000000000D+000
  1.5539616000D+001
 -6.1793369763D-001  3.1169455889D+000  0.0000000000D+000  0.0000000000D+000
  3.5999336000D+000
 -2.7572100882D-001  2.4014372483D+000  0.0000000000D+000  0.0000000000D+000
  1.0137618000D+000
  8.1420764273D-001  1.0543605133D+000  0.0000000000D+000  0.0000000000D+000
  2.7000580000D-001
  2.6695613886D-001  2.7743193731D-001  0.0000000000D+000  0.0000000000D+000
  8.0000000000D-001
  0.0000000000D+000  0.0000000000D+000  1.1138249281D+000  0.0000000000D+000
  5.4846717000D+003
  8.3173520885D-001  0.0000000000D+000  0.0000000000D+000  0.0000000000D+000
  8.2523495000D+002
  1.5308074829D+000  0.0000000000D+000  0.0000000000D+000  0.0000000000D+000
  1.8804696000D+002
  2.4771490916D+000  0.0000000000D+000  0.0000000000D+000  0.0000000000D+000
  5.2964500000D+001
  3.2562802462D+000  0.0000000000D+000  0.0000000000D+000  0.0000000000D+000
  1.6897570000D+001
  2.7928936336D+000  0.0000000000D+000  0.0000000000D+000  0.0000000000D+000
  5.7996353000D+000
  9.5493769626D-001  0.0000000000D+000  0.0000000000D+000  0.0000000000D+000
  1.5539616000D+001
 -6.1793369763D-001  3.1169455889D+000  0.0000000000D+000  0.0000000000D+000
  3.5999336000D+000
 -2.7572100882D-001  2.4014372483D+000  0.0000000000D+000  0.0000000000D+000
  1.0137618000D+000
  8.1420764273D-001  1.0543605133D+000  0.0000000000D+000  0.0000000000D+000
  2.7000580000D-001
  2.6695613886D-001  2.7743193731D-001  0.0000000000D+000  0.0000000000D+000
  8.0000000000D-001
  0.0000000000D+000  0.0000000000D+000  1.1138249281D+000  0.0000000000D+000
  1.8731137000D+001
  2.1493541833D-001  0.0000000000D+000  0.0000000000D+000  0.0000000000D+000
  2.8253937000D+000
  3.6457112721D-001  0.0000000000D+000  0.0000000000D+000  0.0000000000D+000
  6.4012170000D-001
  4.1505142766D-001  0.0000000000D+000  0.0000000000D+000  0.0000000000D+000
  1.6127780000D-001
  1.8138068393D-001  0.0000000000D+000  0.0000000000D+000  0.0000000000D+000
ENERGY
 -2.2907191359D+002   0.0000000000D+00
WAVEFUNC   6-31G(d)   QCHEM 
 -1.9196427174D+001 -1.9134602773D+001 -1.0323377855D+001 -1.0211545351D+001
 -1.0990162300D+000 -1.0184973535D+000 -7.5792698279D-001 -6.1650703026D-001
 -5.1704407999D-001 -4.7122164836D-001 -4.6341077484D-001 -4.1964312107D-001
 -3.9860558553D-001 -3.7720262991D-001 -3.1603632420D-001 -2.7247733676D-001
  9.3457585998D-003  4.7511431052D-002  1.1543153720D-001  1.4858707627D-001
  1.5608963268D-001  1.9455954298D-001  3.0784512898D-001  3.3374474253D-001
  5.1593816485D-001  5.3358367031D-001                                      
  9.7872345468D-005  1.1650695421D-004  2.2352624950D-005  1.7422299463D-004
  3.5759718963D-005 -2.4258462889D-005  0.0000000000D+000 -1.1956133155D-003
  3.8731552500D-004  4.7521096058D-004  0.0000000000D+000 -5.1036506358D-005
 -3.0184548906D-005  6.1006678428D-005 -1.2751023721D-005  0.0000000000D+000
  0.0000000000D+000 -3.0223040187D-006  5.6567944703D-005 -3.0223040191D-006
  5.6567944696D-005 -9.9047200824D-006  2.8590407376D-004 -2.7669496886D-004
  2.9673272416D-004  0.0000000000D+000 -1.7749607955D-003  2.1291143234D-003
 -1.2716925748D-003  0.0000000000D+000  3.8243647909D-005  1.5620392337D-005
 -9.4729182587D-006 -6.7314145202D-005  0.0000000000D+000  0.0000000000D+000
 -4.5462827952D-005 -4.8770886513D-006  4.7711985472D-005 -2.1240811792D-005
  0.0000000000D+000  4.9163959055D-004 -3.2813082870D-004  2.9692864747D-004
  0.0000000000D+000 -7.5649313364D-005 -8.9235886739D-005  2.3187527485D-005
  1.7558008373D-005  0.0000000000D+000  0.0000000000D+000  9.9272336931D-001
  2.5837382747D-002  1.0025176276D-003  1.2373706571D-004  0.0000000000D+000
  1.2807454668D-002  1.7556045573D-004 -9.1951206492D-004  0.0000000000D+000
 -8.1927694269D-003 -8.1062208298D-003 -8.1179771966D-003 -2.0211020992D-005
  0.0000000000D+000  0.0000000000D+000  4.4498846106D-004 -1.0985735426D-003
  1.2384509733D-005 -3.5831640711D-004  1.5434633101D-005  1.0300244379D-004
 -1.4304268717D-005  2.8040079538D-005  0.0000000000D+000 -1.0361849885D-003
  6.3024110801D-004 -7.3826493065D-004  0.0000000000D+000 -8.1991692611D-006
  2.7525671633D-005  4.0901064436D-006  1.7918962920D-005  0.0000000000D+000
  0.0000000000D+000  4.7871259079D-005  1.1261780825D-004  4.7871259077D-005
  1.1261780823D-004 -4.7923683422D-006  4.0285954369D-004  2.0507200784D-005
  1.2793795404D-004  0.0000000000D+000 -2.9775840298D-003  2.1900908725D-003
  3.4423449068D-003  0.0000000000D+000 -2.3438732132D-004 -7.6490937463D-004
 -4.0904220867D-005 -4.6872682434D-004  0.0000000000D+000  0.0000000000D+000
  9.9271099881D-001  2.5562509632D-002  5.7532319528D-004  1.0904164937D-003
  0.0000000000D+000  1.4976981314D-002  8.4972384148D-004  1.7259447039D-003
  0.0000000000D+000 -8.1161220120D-003 -7.7431049055D-003 -8.2661843825D-003
  3.0069932435D-004  0.0000000000D+000  0.0000000000D+000  4.6910994837D-005
  9.2016668771D-005  4.9671294864D-005  2.2033607090D-005  0.0000000000D+000
 -4.4139783440D-004 -4.8752889969D-004 -1.3260431432D-004  0.0000000000D+000
  1.5025055726D-005 -4.0350353859D-005  4.8267176371D-005 -3.8548054111D-005
  0.0000000000D+000  0.0000000000D+000  9.7558000723D-005 -1.5580014179D-004
 -1.5703710951D-004  2.1728797041D-004  8.4953462294D-004 -3.3405709158D-004
  2.6186239803D-004  3.0026395727D-005  0.0000000000D+000  5.4988072500D-003
 -2.9079237519D-003 -4.1760921928D-005  0.0000000000D+000 -4.5417356210D-004
 -2.0008806359D-004 -1.5126152104D-004 -4.8273721501D-005  0.0000000000D+000
  0.0000000000D+000 -2.3959223197D-004  2.3015772548D-004 -2.3959223197D-004
  2.3015772546D-004  9.9292973617D-001  4.8156273416D-002 -7.3358441361D-004
  2.1043153436D-004  0.0000000000D+000 -7.5041384969D-003 -5.2374810263D-003
 -1.9521225512D-003  0.0000000000D+000 -8.8584909696D-003 -8.1874629747D-003
 -9.5561713548D-003  1.7645685433D-004  0.0000000000D+000  0.0000000000D+000
 -1.2473587863D-004  5.6983670545D-004 -5.2394532535D-005  6.3791293647D-005
  0.0000000000D+000 -4.0755432114D-003 -2.4084751380D-004 -2.3010195028D-003
  0.0000000000D+000  3.7678417532D-004 -1.1161309250D-004  4.5775045504D-004
 -8.7722126229D-005  0.0000000000D+000  0.0000000000D+000 -3.7255179486D-005
  2.3990882763D-004 -1.2332181893D-004  3.1818392775D-005  0.0000000000D+000
 -7.4355095649D-004  1.1940644034D-004  1.6401691253D-003  0.0000000000D+000
  7.3694410438D-005 -5.9687602482D-004  2.9434728543D-004  4.4428553805D-004
  0.0000000000D+000  0.0000000000D+000 -8.9830127906D-005 -5.4015316810D-006
 -4.8369409997D-006  2.6771646617D-003  9.9288592102D-001  5.0298429636D-002
 -1.3359985219D-004  1.5280894182D-004  0.0000000000D+000 -1.7953807290D-002
  1.4731676381D-003  1.4481820619D-004  0.0000000000D+000 -9.2743840356D-003
 -9.1875983651D-003 -9.1766472314D-003 -4.9055053686D-005  0.0000000000D+000
  0.0000000000D+000 -1.9963440716D-005  2.7259884192D-003 -1.9963440570D-005
  2.7259884191D-003 -1.1472649596D-003 -3.3970676523D-004 -1.1638958331D-004
 -3.1275286947D-005  0.0000000000D+000  4.3244232766D-003  3.4786743240D-003
 -2.1234571391D-004  0.0000000000D+000 -5.6922794139D-004 -2.1976019700D-004
 -1.8079511043D-004 -2.5267219390D-005  0.0000000000D+000  0.0000000000D+000
 -2.8525924342D-005 -1.4677237913D-004  1.5340955896D-005 -1.2245006166D-005
  0.0000000000D+000  4.7266923133D-004 -4.0074621766D-004  4.0364932865D-004
  0.0000000000D+000 -9.3780770269D-005  6.6147031814D-005 -1.7515653947D-004
 -1.0167503911D-005  0.0000000000D+000  0.0000000000D+000 -5.8342527291D-005
 -3.0037150686D-004 -4.1267003189D-005  8.3229547046D-005  0.0000000000D+000
  1.1575410111D-003  5.4502977531D-005 -6.8305227618D-004  0.0000000000D+000
 -1.0308064394D-004 -7.1998262038D-005 -2.7915661044D-004 -4.3844214384D-005
  0.0000000000D+000  0.0000000000D+000 -1.0957178585D-005  3.6287224882D-004
  6.4793716904D-003  1.6667601227D-003 -1.7860103854D-002  3.2711837419D-002
 -2.6220182087D-002 -1.0821788525D-004  0.0000000000D+000 -1.0145106599D-003
  2.8350047340D-003  5.9289302413D-003  0.0000000000D+000  7.1131940627D-003
 -6.3713358062D-004 -6.8938610594D-004  5.0977468314D-004  0.0000000000D+000
  0.0000000000D+000  6.1915205939D-003  7.3281781944D-004  6.1915205943D-003
  7.3281781959D-004 -1.1715594750D-001  2.2843419439D-001 -8.7078999077D-002
  9.7583604400D-003 -1.3050947184D-012  5.6055084251D-002  3.7418422253D-002
  6.7535173788D-003  0.0000000000D+000 -9.3222656700D-003  1.6103034895D-002
 -2.0426904491D-002 -2.3243672885D-003  0.0000000000D+000  0.0000000000D+000
 -9.8548169608D-002  2.1211974394D-001  3.8034819280D-002  8.8274079342D-002
  0.0000000000D+000  1.9972993829D-001  7.8753541218D-003  3.6827398203D-002
  0.0000000000D+000 -5.3364068937D-003  7.0384846299D-003 -3.8948229998D-003
  5.2710715250D-003  0.0000000000D+000  0.0000000000D+000 -1.6600661665D-001
  3.6708834952D-001  9.7036059815D-002 -3.1683795207D-002  5.2709564859D-012
  3.5453187668D-001  4.5962965141D-002 -1.7953699488D-002  0.0000000000D+000
  6.2073696727D-003  1.3160762988D-002 -8.8028171169D-003  1.0699097171D-003
  0.0000000000D+000  0.0000000000D+000  9.6005280015D-002 -6.2118649726D-003
  4.6260843347D-003 -5.4383543595D-003 -5.1928760902D-003  1.0949544022D-002
 -7.5387085972D-003 -1.3046010714D-002  0.0000000000D+000 -8.3266601915D-003
  1.0190787613D-002 -1.8758874299D-002  0.0000000000D+000  2.4194693852D-003
  8.4440877381D-004 -6.0192088089D-004  3.6357662726D-003  0.0000000000D+000
  0.0000000000D+000  1.2725739071D-003 -1.8912529122D-004  1.2725739071D-003
 -1.8912529130D-004 -6.0244491827D-002  1.2146617900D-001 -4.8038920535D-002
 -2.3068973716D-001  0.0000000000D+000  4.2642314356D-002  1.7175198786D-002
  2.7002521383D-002  0.0000000000D+000 -6.2394822270D-003  1.2178138569D-003
 -1.0858383021D-002  2.8948852127D-002  0.0000000000D+000  0.0000000000D+000
 -1.6943839048D-001  3.6697792571D-001  7.1793730915D-002  1.1707086299D-001
  1.1775877527D-012  3.5038580347D-001  2.5123113774D-002  3.6277014072D-002
  0.0000000000D+000 -4.1696654018D-003  1.8348720630D-003 -6.4974456896D-003
  8.9429151498D-003  0.0000000000D+000  0.0000000000D+000  1.2144455940D-001
 -2.7028356775D-001 -7.2609546537D-002 -2.9774733120D-002 -4.0938494502D-012
 -2.7701688926D-001 -4.1478899514D-002 -1.8175707569D-002  0.0000000000D+000
 -5.8119791984D-003 -1.4160163265D-003  5.9211429683D-003 -8.1386217757D-003
  0.0000000000D+000  0.0000000000D+000 -8.8129860781D-002 -1.5266777946D-003
  1.1272040956D-001  2.3537456379D-002 -1.8712440058D-001  3.5819787279D-001
 -3.2742318705D-002  5.7706647539D-003  1.7333490223D-012  3.4045134278D-001
 -5.8727610442D-003  1.0016819540D-002  0.0000000000D+000 -1.3760274809D-003
  4.4857043790D-004  6.0991644729D-004 -6.6473264073D-004  0.0000000000D+000
  3.1652207667D-012  1.1930723317D-001  2.3372021958D-002  1.1930723318D-001
  2.3372021965D-002 -6.0844728581D-002  1.2637023035D-001  1.8206640122D-001
  5.2911769683D-002  0.0000000000D+000  7.6352054060D-002  3.2615630968D-002
  2.1820466382D-002  0.0000000000D+000  1.1807198303D-002 -1.2114164142D-002
 -4.3438454875D-003  6.1412600879D-004  0.0000000000D+000  0.0000000000D+000
  3.9858542358D-002 -9.2728753247D-002  2.8779967056D-002 -1.5482742776D-002
  0.0000000000D+000 -8.2480258925D-002  1.7055229659D-002  1.9499783559D-003
  0.0000000000D+000  3.5471839820D-003 -1.8872089121D-003 -7.3302257461D-004
  3.4937216052D-003  0.0000000000D+000  0.0000000000D+000  3.7531829660D-002
 -8.6081930677D-002  3.2129600020D-002 -3.4413842332D-002 -1.7555646465D-012
 -1.0994780897D-001  1.3317913359D-002 -1.9258582317D-002  0.0000000000D+000
  5.3210775905D-003 -3.6233278157D-003  2.1798952297D-004 -6.3937467991D-003
  0.0000000000D+000  0.0000000000D+000 -2.4137894478D-002 -1.3576618840D-003
  4.5166838890D-002  2.8000103240D-002 -3.2934760083D-002  6.0469548704D-002
  7.4049852470D-002 -1.2235428880D-002  0.0000000000D+000  9.7657499245D-002
  3.6547312480D-003  1.0225141607D-004  0.0000000000D+000 -8.4353585404D-003
  4.8869269601D-003  1.5248848033D-003  8.9288730361D-004  0.0000000000D+000
  0.0000000000D+000  3.4060435497D-002  1.7480167437D-002  3.4060435500D-002
  1.7480167440D-002  9.7009778899D-002 -2.1671207693D-001  1.1234734741D-001
 -1.9291765576D-001  4.3668161727D-012 -1.7035190281D-001 -1.7867619651D-002
 -4.7679343782D-002  0.0000000000D+000 -1.7963212691D-003  1.0766962237D-002
  1.1103307887D-002  2.0047618779D-002  0.0000000000D+000  0.0000000000D+000
 -5.9329618432D-002  1.3340262595D-001  2.7967528820D-002 -9.2154113300D-002
  3.3229385321D-012  1.6441215913D-001  1.4570091690D-002 -5.2263178644D-002
  1.5945361137D-012  1.8102000770D-003 -1.2126823374D-002  2.6960355419D-004
 -1.9489753623D-003  0.0000000000D+000  0.0000000000D+000 -2.1918500633D-002
  4.9967102033D-002  3.3072585092D-003  4.5827085199D-001  0.0000000000D+000
  6.8765797251D-002  8.4831755339D-003  2.2532411999D-001  0.0000000000D+000
  3.0128898744D-003  4.6697721626D-003 -1.5379017304D-003  3.1953451701D-002
  0.0000000000D+000  0.0000000000D+000  2.1455526894D-001  1.0096318711D-001
  9.3285021171D-002  4.9742109618D-002 -4.6126925359D-002  9.2643380646D-002
  3.0911530840D-001  4.7327859211D-002 -6.3466412606D-012  1.1526744944D-001
  1.2583072066D-001  1.7650384711D-002  0.0000000000D+000 -1.8333236580D-002
  1.0220578279D-002  1.1737146843D-002 -2.8942459012D-003  1.1550616253D-012
  0.0000000000D+000  1.0818355724D-001  6.4840926197D-002  1.0818355725D-001
  6.4840926214D-002  8.8085061854D-002 -2.0096100649D-001 -2.6467599694D-001
  3.0507330369D-002  0.0000000000D+000 -1.4165105275D-001 -9.9751633376D-002
 -2.3409757664D-002 -1.1193357098D-012  1.4619506056D-002  3.1768898544D-003
  4.7012429200D-003 -7.0262987795D-003  0.0000000000D+000  0.0000000000D+000
 -3.4143165757D-002  8.3466260422D-002 -1.6290789016D-001 -1.9858884127D-002
  1.2236345965D-012  8.2031976888D-002 -9.2033616760D-002 -2.4038549264D-002
  0.0000000000D+000 -6.9840009186D-003  1.7711218572D-003  2.9515597169D-003
 -1.1647658670D-002  0.0000000000D+000  0.0000000000D+000 -4.5496374748D-002
  1.0766080510D-001 -2.0366780898D-001 -1.4295246997D-001  3.8998528056D-012
  1.5582890149D-001 -1.2354788876D-001 -6.3206691035D-002  1.8479911091D-012
 -1.8359349143D-002  2.7766625733D-003  4.5302871943D-003 -2.9800239042D-003
  0.0000000000D+000  0.0000000000D+000 -9.9390684723D-002 -5.0492735347D-002
  1.2794954549D-012  2.0417408949D-012 -3.1863576778D-012  8.6512295071D-012
  1.1623044578D-012  8.2804952573D-012  3.2447501172D-001  1.2880018033D-011
  5.6272552586D-012  6.7064813041D-012  1.4507975395D-001  0.0000000000D+000
  0.0000000000D+000  0.0000000000D+000  0.0000000000D+000  2.0917486849D-004
  1.5948104413D-002  1.5887271760D-001  1.2579298390D-001 -1.5887271761D-001
 -1.2579298392D-001  2.5851704645D-012 -8.6803169992D-012  4.6812768631D-012
  8.3149066966D-012  2.8111441288D-001  4.5269967526D-012  2.1155028763D-012
 -2.5946347719D-012  1.3140395809D-001  1.2010392483D-012  0.0000000000D+000
  0.0000000000D+000  0.0000000000D+000 -5.3788612554D-004  1.5746003691D-003
 -3.4358971142D-012  8.2339883289D-012 -8.2988828929D-012 -1.6920361064D-011
  1.9652734923D-001  9.6630084141D-012 -5.5056426760D-012 -9.9853138189D-012
  1.0448351974D-001  0.0000000000D+000 -1.0556345023D-012  0.0000000000D+000
  0.0000000000D+000  7.8278181268D-003  1.4244516466D-002  0.0000000000D+000
  2.7825021909D-012 -1.3191433183D-012 -7.8659458846D-012  2.3341720734D-001
  1.7746717973D-012  0.0000000000D+000 -4.3339109907D-012  1.5110667811D-001
  0.0000000000D+000  0.0000000000D+000  0.0000000000D+000  0.0000000000D+000
  1.5844094998D-002 -4.8334356255D-003 -4.4044365162D-012 -2.7020657442D-012
 -1.7557226803D-001 -9.2941968489D-002  6.3092371699D-003 -1.9644220141D-002
 -3.2755494586D-002  3.0436472981D-001 -2.5282888949D-012 -8.2738812011D-003
 -4.0882553628D-002  1.7183823696D-001  0.0000000000D+000 -2.4850564186D-003
 -1.0037340881D-002  9.8606264335D-003  4.9483534528D-003  0.0000000000D+000
  0.0000000000D+000  8.0858397282D-002  5.9243932535D-002  8.0858397297D-002
  5.9243932555D-002  2.3596794740D-002 -6.2274322688D-002  1.3561520543D-002
  2.2452144375D-001 -4.0656302276D-012 -6.8823636953D-002  3.9369253972D-003
  5.4143096244D-002 -2.7582565907D-012 -2.7458876142D-003  9.0845488209D-003
  2.2750771509D-003  8.8331180524D-003  0.0000000000D+000  0.0000000000D+000
 -7.0191598973D-002  1.4599530979D-001 -1.8656532319D-001 -2.0640050032D-001
  3.8273665829D-012  3.0879788753D-001 -9.0493876179D-002 -9.2291232352D-002
  2.6750693589D-012 -1.2274411882D-002 -1.4347715193D-002 -4.9271679348D-004
 -1.1235582951D-002  0.0000000000D+000  0.0000000000D+000  4.2415326353D-002
 -9.4713305923D-002  2.4279186697D-001 -4.0681041309D-002 -7.1872582341D-012
 -1.6764664534D-001  1.4914758224D-001 -3.0969845184D-002 -3.6178353317D-012
  2.1060892183D-002 -7.7357437199D-003 -2.5763572174D-003 -2.0498783127D-003
  0.0000000000D+000  0.0000000000D+000  4.4132134239D-002  3.4784368083D-002
 -1.5477007776D-001 -1.3291329664D-001  5.9944532218D-003 -1.2829762189D-002
  5.7836763415D-002  2.8148835057D-001  2.3659225043D-011 -4.3434936512D-002
  4.3589120858D-002  1.3027412863D-001  1.2463436218D-011 -5.0962678311D-003
 -5.1388921527D-003  1.3181617887D-002  1.3330134128D-002  0.0000000000D+000
  1.3607843876D-012  1.0451056706D-001  8.9042328995D-002  1.0451056705D-001
  8.9042328994D-002 -3.1577233483D-002  8.2237367072D-002 -1.5700576756D-001
 -2.2388616522D-001  3.4086562221D-012  4.3745131014D-002 -1.2787376025D-003
 -1.0691697463D-002  1.6020219708D-012 -9.0398635604D-003 -5.0850815463D-003
 -4.0112221141D-003  2.3049212794D-002  0.0000000000D+000  0.0000000000D+000
  6.3425863287D-002 -1.2960940397D-001  1.3266826526D-001  3.9463642303D-001
 -8.4590285436D-012 -2.7494599738D-001  6.0057049188D-002  2.1507630228D-001
 -5.5267015626D-012  2.4518326239D-003  2.5519827978D-002 -4.8916869712D-004
  1.1363408425D-002  0.0000000000D+000  0.0000000000D+000  1.3242787853D-002
 -2.9250504331D-002 -3.5238063535D-002  1.1603837177D-001  0.0000000000D+000
 -7.0272582439D-002 -3.0814799118D-002  5.4904334234D-002  0.0000000000D+000
 -2.8240152887D-003  9.6407485078D-003  1.2598777194D-003  6.2042837283D-003
  0.0000000000D+000  0.0000000000D+000  5.4062457716D-002  6.1716428072D-002
 -9.6736619198D-012 -8.5507589638D-012  2.9748801296D-012 -7.6629347030D-012
 -1.0132929510D-011  1.8195314350D-012 -3.1027566080D-001 -1.6176786761D-011
 -1.0135234775D-011 -1.3673356257D-012 -1.5531406593D-001  0.0000000000D+000
  0.0000000000D+000  0.0000000000D+000  0.0000000000D+000 -1.4012536242D-002
 -1.7836450435D-002 -1.7758138992D-001 -1.4937125261D-001  1.7758138994D-001
  1.4937125264D-001 -1.8669632832D-012  4.1013785544D-012  6.2536495571D-012
 -1.1487671498D-011  2.1290767563D-001  2.1123425983D-012  0.0000000000D+000
 -3.9587099280D-012  1.2401668436D-001  0.0000000000D+000  0.0000000000D+000
  0.0000000000D+000  0.0000000000D+000 -2.1859573019D-002 -7.9739928305D-004
  2.6935563801D-012 -4.9710140414D-012  1.4417321238D-011  5.0626727310D-012
  2.3147145842D-001 -1.3984706887D-011  7.9179734934D-012  1.5604801704D-012
  1.3668534025D-001  0.0000000000D+000  0.0000000000D+000  0.0000000000D+000
  0.0000000000D+000  6.5774209653D-003  1.4628857052D-002  0.0000000000D+000
  3.7172549031D-012 -8.8053110279D-012  0.0000000000D+000  3.4454740590D-001
  2.9851222311D-012 -4.7350753743D-012  0.0000000000D+000  2.3463796316D-001
  0.0000000000D+000  0.0000000000D+000  0.0000000000D+000  0.0000000000D+000
  1.8146731517D-002 -4.6457455808D-003 -2.7774472824D-012 -2.9217085125D-012
  1.6090685121D-001  1.4610144146D-001  1.2427492102D-002 -2.6072837395D-002
  2.1825527315D-001 -1.6974681580D-001 -7.7021937627D-012 -9.4213265031D-002
  1.3263690729D-001 -6.2955219870D-002 -3.0953922314D-012 -4.9872301930D-003
  1.1415618539D-002 -3.5749611974D-003 -1.1724549312D-002  0.0000000000D+000
  0.0000000000D+000 -2.7384491446D-002 -2.0425957240D-002 -2.7384491443D-002
 -2.0425957240D-002 -6.8612202789D-003  1.8557423027D-002 -2.3377488589D-001
  3.6257405527D-002  7.4150538429D-012 -4.0650922267D-002  1.9478194809D-002
  5.1114367327D-002  4.3223923506D-012 -1.4886120522D-002  1.1898880366D-002
 -4.8941571563D-003  1.6781708168D-003  0.0000000000D+000  0.0000000000D+000
  9.9962537446D-003 -2.8499831289D-002 -6.5188317093D-002  1.8206650739D-001
  4.5550452910D-012  7.0547347626D-003 -3.8391259121D-002  1.2638967066D-001
  2.6891300470D-012 -1.1963342188D-002  1.3079019407D-002 -3.7155176537D-003
 -1.2759992401D-003  0.0000000000D+000  0.0000000000D+000  5.7298475340D-002
 -1.2142698956D-001  4.6561164506D-001  7.0939138289D-004  1.3918077125D-011
 -2.4435264694D-001  2.9992898913D-001 -2.6043897100D-002  1.1397821477D-011
  2.8562932462D-002  1.2530928960D-003 -4.4592358207D-003  4.8608728731D-003
  1.5810035111D-012  0.0000000000D+000  1.3785158266D-001  8.9123839236D-002
 -1.5788724692D-012  0.0000000000D+000  0.0000000000D+000  1.3204480671D-012
 -2.0157388179D-012  2.8890860684D-012  2.5550807340D-002  6.1628272023D-012
 -1.3510184388D-012  2.6654924934D-012 -2.0492458600D-002  0.0000000000D+000
  0.0000000000D+000  0.0000000000D+000  0.0000000000D+000  4.1611213691D-003
  5.1724683742D-003  2.3773205089D-002  6.4471693917D-002 -2.3773205089D-002
 -6.4471693922D-002  1.7656820931D-012 -3.9279539042D-012  6.1044023943D-012
  1.3616026557D-012 -1.4559377218D-001 -9.6828257116D-012  2.7017923318D-012
  0.0000000000D+000 -6.8216819536D-002  0.0000000000D+000  0.0000000000D+000
  0.0000000000D+000  0.0000000000D+000  3.1214047554D-003  4.0319104472D-002
 -2.1578947057D-012  3.5551759785D-012 -1.3376729727D-012 -6.8597797736D-012
 -4.4511243740D-001  1.2085944627D-011  0.0000000000D+000 -2.8393960985D-012
 -3.1006869393D-001  0.0000000000D+000  0.0000000000D+000  0.0000000000D+000
  0.0000000000D+000 -1.3457015816D-002 -2.1422997941D-002  0.0000000000D+000
  2.5766352977D-012  0.0000000000D+000  0.0000000000D+000  4.6554328741D-001
  1.7888127119D-012  1.9333862460D-012 -2.0125704199D-012  3.5969990010D-001
  0.0000000000D+000 -1.1995734883D-012  0.0000000000D+000  0.0000000000D+000
  2.3237235023D-002  4.7847464693D-003 -1.2987293527D-012 -2.9878160985D-012
 -1.4073860186D-002  5.2552344075D-002  3.0985118263D-002 -6.0685481931D-002
  1.9665563554D-001  7.5508131784D-002  5.7681701677D-012 -2.4339903254D-001
  1.4109592792D-001  7.3877849122D-002  6.5771656290D-012 -4.2622891041D-003
  4.8387744830D-003  5.1682280441D-003  4.7038449024D-003  0.0000000000D+000
  0.0000000000D+000  4.5046496676D-002  6.9471993252D-002  4.5046496674D-002
  6.9471993258D-002  1.4076870713D-002 -3.6128983791D-002 -6.5096620749D-002
 -3.0536699530D-002 -4.0542019982D-012 -5.8600728556D-002  1.2507676107D-001
 -9.9288542160D-002 -3.8606876484D-012 -3.7216814260D-002  3.6218414710D-002
 -3.4307245817D-003 -2.8367563636D-002  0.0000000000D+000  0.0000000000D+000
 -6.5392000100D-004  3.5757475997D-003  5.4148542707D-001 -2.4356627838D-001
  0.0000000000D+000 -1.0906426821D-003  3.6227544143D-001 -1.6410856333D-001
  0.0000000000D+000  1.6798310778D-002 -1.4377786507D-002 -5.7618205646D-004
  1.3959324992D-002  0.0000000000D+000  0.0000000000D+000 -2.3288169247D-002
  4.3132804177D-002  1.2588795622D-001 -1.5840733002D-001 -4.2589178049D-012
  2.0751684744D-001  1.2117244156D-001 -1.3844683004D-001 -3.3034301707D-012
 -1.0969203801D-003 -9.3007844138D-003 -5.8096937332D-003 -7.7777194429D-003
  0.0000000000D+000  0.0000000000D+000 -3.6512044472D-002 -5.9253604705D-002
  2.7265658843D-012  2.2998536217D-011  6.5235688383D-012 -7.6590925654D-012
 -7.5861959750D-012 -1.0315722729D-011  3.4058929377D-002 -9.2862887998D-011
 -2.1835648661D-011 -1.9036009555D-011  2.4943416745D-001  0.0000000000D+000
  0.0000000000D+000  0.0000000000D+000  0.0000000000D+000 -3.4625181348D-002
 -1.2329218204D-002 -1.0659498620D-001 -4.0675951853D-001  1.0659498621D-001
  4.0675951864D-001  0.0000000000D+000 -6.6707258213D-012  1.0545065004D-012
  0.0000000000D+000  5.4446184674D-001  2.0595219889D-011 -6.2753572801D-012
 -1.1053887959D-011  4.8641757534D-001  0.0000000000D+000  0.0000000000D+000
  0.0000000000D+000  0.0000000000D+000  2.4049954073D-002  1.6499100796D-002
  0.0000000000D+000  0.0000000000D+000 -1.7618175835D-012 -4.1828360391D-012
 -3.9543763458D-001 -1.6999442531D-011 -4.2106866595D-012 -9.7191400348D-012
 -4.0740134148D-001  1.2431790845D-012  0.0000000000D+000  0.0000000000D+000
  0.0000000000D+000  4.0520355745D-003  3.2565605751D-003  1.0638487321D-012
 -2.0036819677D-012 -1.4306909984D-012 -8.4508994870D-012 -2.2564822527D-001
 -1.5508517954D-011 -3.7175579809D-012 -7.5313771288D-012 -2.3660489677D-001
  0.0000000000D+000  0.0000000000D+000  0.0000000000D+000  0.0000000000D+000
  3.2876253312D-003 -1.9586540484D-002  1.7840997897D-012  2.6006909988D-011
  6.1867784491D-002  5.2817118912D-001  7.0452710418D-002 -9.1353111267D-002
 -7.4513986941D-002 -5.8633830659D-002  8.8049599085D-012 -9.7415243572D-001
 -3.2110553069D-001 -1.0855851585D-002  2.4064803023D-011 -4.4546506852D-004
  1.5418712760D-002  2.0012686792D-003 -9.9906046281D-003  1.3012799070D-012
  0.0000000000D+000 -1.5872220154D-002  4.8169506658D-001 -1.5872220165D-002
  4.8169506662D-001 -8.1343546706D-003 -3.8122630019D-003 -8.3933141677D-002
  4.5034812846D-002 -2.5230094395D-011  1.7954092654D-001 -1.6576189606D-001
 -1.5339400123D-001 -2.6182717180D-011  2.8818996791D-004 -7.4482573910D-003
  6.3391381764D-003  8.6627792878D-005  0.0000000000D+000  0.0000000000D+000
  1.8872225265D-002 -2.2697856802D-002  3.1761243578D-002 -6.8156377932D-002
  1.4745836660D-011 -2.7230530352D-001 -3.1335602387D-003 -1.3693994308D-001
  1.7200068178D-011  8.3700114473D-003  2.1522275408D-003  1.0093218470D-002
 -8.4262132186D-003  0.0000000000D+000  0.0000000000D+000  7.3889165099D-002
 -1.1292056149D-001 -1.9655368451D-001 -1.9719448017D-001  1.2527013863D-011
 -8.5133006422D-001 -2.8868159757D-001 -3.2380798861D-001  1.3761840197D-011
  1.4717759755D-002  2.6797993787D-002  3.3931706621D-002 -9.3439112313D-003
  0.0000000000D+000  0.0000000000D+000  1.2695201143D-001  1.2663249768D+000
 -6.1259900989D-002  4.9123196169D-002  1.2189245425D-001 -1.4006111759D-001
 -8.9046638615D-002 -1.6766860338D-001  6.5467625329D-011 -2.0423914318D+000
 -1.1914725093D-001 -6.7960740896D-001  1.9777441911D-010  7.6424717452D-003
 -4.9096792013D-003  2.1060811873D-002  1.2412659297D-002  2.8723168846D-012
 -1.9029948819D-012  7.0399831610D-002  1.3114095290D+000  7.0399831613D-002
  1.3114095294D+000 -2.4279758741D-002 -2.8479595160D-002  8.7881405145D-002
 -4.4787872842D-002 -4.5923754215D-011  6.4175262879D-001  1.4174817802D-001
  8.5473923279D-002 -7.6245035142D-011 -1.0353845147D-002 -4.4487160907D-003
  4.0716616978D-003 -1.0974846006D-002  1.0713258421D-012 -1.4709330613D-012
  1.2475148274D-002 -2.2470703980D-002 -1.0061965212D-001  7.1942790618D-003
  2.2984835728D-011 -1.3643809125D-001 -1.2148506897D-001 -4.7757643703D-002
  3.4946071356D-011  3.4402065081D-003 -2.5699630034D-003  7.3548699086D-003
 -1.1918586764D-003  0.0000000000D+000  0.0000000000D+000 -2.8497866478D-002
  6.0451413778D-002  9.3158663856D-002  1.2379071535D-001  2.2632961215D-011
  2.5770160288D-001  1.0754606174D-001  2.4715600620D-001  2.2846938421D-011
 -4.2127316512D-003 -1.3460944841D-002 -1.0435415525D-003  6.9876636200D-003
  0.0000000000D+000  2.0458020971D-012 -8.8649773092D-002 -6.5227265783D-001
  1.1845732351D-001  2.0302457242D+000  6.0933053766D-002 -8.4703049566D-002
 -1.4101202268D-001  3.4406967952D-001  5.6547850096D-011 -1.0694189691D+000
 -3.4522832910D-001  1.1213319632D+000  1.6914650432D-010  4.2017966061D-003
  1.3138749914D-002 -7.4251156521D-003 -1.5258411751D-002  0.0000000000D+000
 -2.5124202083D-012 -3.2474538453D-002 -2.2398601718D-001 -3.2474538434D-002
 -2.2398601680D-001 -1.7781548303D-003 -1.8954397313D-003  7.2851801178D-003
  6.3375723657D-002 -2.4076724560D-011 -4.2804018930D-003  1.1104766241D-001
  3.1233302249D-002 -5.5687839254D-011 -6.6892773748D-003  7.9450559387D-003
 -5.5177266181D-003  3.0781613900D-002  1.3475111813D-012 -1.0281189755D-012
 -9.8987447313D-003  1.3027233598D-002  1.0864324498D-002  7.6493198920D-002
  1.1663049988D-011  1.1288616394D-001  2.8652345248D-002  7.5349109857D-002
  2.1776612988D-011 -6.1007211664D-003 -3.9704494931D-003 -5.4271573503D-003
 -4.6659256829D-003  0.0000000000D+000  0.0000000000D+000 -1.5978706652D-002
 -1.0711563374D-002 -3.9935704655D-002  1.2887709663D-001  1.5631274761D-011
  3.1804702501D-001  2.7035356073D-002  1.5726670980D-001  1.5427241376D-011
 -5.1257100045D-003 -2.0469942509D-002 -1.9139677449D-002 -3.0173972641D-003
  0.0000000000D+000  1.2467251604D-012 -7.1907551308D-002 -5.2827163470D-001
  0.0000000000D+000 -2.7926015099D-010 -2.7174271045D-011  4.0523169243D-011
  2.5587082441D-011 -2.0843165601D-011  4.3918380863D-001  4.5219603620D-010
  3.9399374564D-011 -6.0412350069D-011  1.3617023485D+000 -1.0056810773D-012
 -1.7626677542D-012 -3.7330877885D-012  0.0000000000D+000  8.1362489464D-003
 -1.1675776746D-002 -5.6882960921D-002 -1.4824111371D+000  5.6882960908D-002
  1.4824111368D+000  6.5147064294D-012  7.1491843990D-012 -1.2196270614D-011
 -4.0075544432D-012 -1.9222861773D-001 -1.6133711279D-010 -3.4659988204D-011
 -1.1854489774D-011 -4.3841753624D-001  3.1161617338D-012  0.0000000000D+000
  0.0000000000D+000 -2.8825361505D-012  1.2027517359D-002 -6.9704589093D-003
 -1.8796379637D-012  2.5579538819D-012  1.1805214705D-011 -6.4158860994D-012
  8.9154395279D-002  3.1646369649D-011  1.7637964397D-011  1.0680316384D-011
  1.6755421282D-001  0.0000000000D+000  0.0000000000D+000 -1.4658520597D-012
  1.2381486198D-012  4.1362378157D-003 -4.2902013147D-003  3.5666905547D-012
 -3.0355152925D-012 -2.3315027539D-012 -3.2627440219D-011  1.2296772035D-001
 -4.5195472613D-011 -7.4885295341D-012 -5.7883257081D-011  1.1780561580D-001
  0.0000000000D+000  3.6839172691D-012  1.2683641458D-012  0.0000000000D+000
 -4.3621749519D-003  8.5098117335D-003  2.0279084269D-011  1.3509544700D-010
 -3.1778402953D-002 -1.6705766628D-001  6.4961987161D-002 -5.6866641106D-002
  3.0505535147D-001  6.5851825808D-002  3.3688191540D-012 -9.6862512427D-001
  1.4820683965D+000  8.5577906212D-002  2.7757686881D-011  4.1532721935D-002
 -1.9769834516D-002 -9.5090571287D-003 -3.5578466056D-003  0.0000000000D+000
 -2.4056175600D-012 -5.8962864652D-002 -2.3440383040D-001 -5.8962864646D-002
 -2.3440383033D-001 -1.5509363547D-001  2.2924984211D-001  1.6976742385D-001
  2.1153352593D-001 -5.7420395508D-012  2.6527166950D+000  5.2863140564D-001
  4.1455909229D-001  3.5620379268D-012 -1.9602202679D-002 -8.0847649844D-003
  1.9496359214D-002  1.2359681987D-002  0.0000000000D+000 -1.5300657062D-012
  2.8661788486D-002 -4.8967210985D-002 -3.2353902073D-002 -1.2414888711D-001
 -1.6713397768D-012 -3.5700353932D-001 -1.4431671160D-001 -2.3428718599D-001
 -1.2292245974D-012 -5.7030598432D-004 -3.8767025398D-003  2.1856948310D-002
 -3.9729310587D-003  0.0000000000D+000  0.0000000000D+000  6.1258876392D-002
 -1.0754250926D-001 -1.4105518083D-001  2.0295715907D-001  2.7230180561D-012
 -7.8059714458D-001 -3.5246495041D-001  4.1058432824D-001  2.9731554415D-012
  2.5835201019D-004  1.6719649302D-002  2.3774784163D-002 -8.6128479279D-003
  0.0000000000D+000  0.0000000000D+000 -1.7576232279D-002  8.0175247118D-002
 -2.8108705780D-002  1.1356591765D-001  4.6835325346D-002  2.5961537211D-002
 -8.9754390330D-002 -6.7960830687D-002 -5.2123299261D-012 -1.4062546502D+000
  1.3098724935D+000  3.8831230442D-001  7.5795613781D-012  4.4187066080D-002
  4.9027797546D-003 -2.4791072710D-002  1.6969226795D-002  0.0000000000D+000
 -1.1049147117D-012 -7.3877492066D-002 -7.8562128825D-002 -7.3877492069D-002
 -7.8562128821D-002  3.0166663978D-002  7.0600907173D-002  5.2890528647D-001
 -1.9322197020D-001  7.1747529084D-012 -6.0430934217D-001  2.0700616764D+000
 -1.4392552106D-002 -1.1691434178D-011  3.0156100652D-002  1.1222002813D-002
 -2.7538625530D-002 -1.3124934187D-002 -1.1341293324D-012  1.0760504358D-012
 -5.7361252158D-002  7.3536262240D-002 -1.2159661384D-001  1.3763112305D-001
  1.6995767630D-012  1.0598106295D+000 -2.0445786482D-001  6.2979070430D-001
  2.0003828853D-012 -1.1739523549D-002 -2.2928966052D-003 -3.8756413591D-002
  2.0921419066D-002  0.0000000000D+000  0.0000000000D+000 -6.1933842061D-002
  1.2459241850D-001  9.0611970147D-005 -2.9088006674D-001  0.0000000000D+000
  7.8843413542D-001 -1.9785340708D-003 -8.2977964740D-001 -2.1772385410D-012
 -9.1685792645D-004 -1.7861361628D-002 -1.6444097288D-002 -1.2345753617D-002
  0.0000000000D+000 -1.1956509097D-012  6.2363892218D-003  5.3503915921D-001
  1.3721173721D-001 -6.2456681850D-001 -3.7700115976D-003  5.4538894975D-002
 -8.2820696840D-002 -1.5688628708D-001 -2.4117080364D-012 -4.2416473499D-001
  1.0217814566D-001 -9.7649376265D-001 -2.2714085318D-012  3.9391331008D-003
  3.2675932281D-003  8.0299009364D-004 -5.8669695470D-002 -1.0578763458D-012
  0.0000000000D+000 -2.7254448444D-002  4.3403788604D-001 -2.7254448451D-002
  4.3403788604D-001  8.1271228206D-003  6.0710805433D-002 -1.4078038684D-001
  3.4722056238D-001  6.2715087993D-012 -1.1532075023D+000  6.0016096314D-001
  2.5704919162D+000 -1.4684992411D-012 -6.6076022480D-003 -1.0338266209D-002
 -3.7153434647D-003  2.0937166877D-002  0.0000000000D+000  0.0000000000D+000
 -1.0751378157D-001  1.0724294330D-001  1.7745759312D-001  4.0630565143D-002
  0.0000000000D+000  2.3142823790D+000  6.0344388860D-001  7.0913752368D-001
 -3.0407516488D-012 -5.5377575873D-002  1.7937803187D-003 -5.8878872679D-002
  2.8415837226D-002  0.0000000000D+000  0.0000000000D+000  3.5663494392D-002
 -1.8639487304D-002 -1.4530930100D-001  1.2491299296D-001  0.0000000000D+000
 -8.1979908150D-001 -4.3067980381D-001  2.4722487758D-001  2.2115842979D-012
  1.7291864077D-002  2.6355432243D-002  2.1206634768D-002 -1.9617217623D-002
  0.0000000000D+000  0.0000000000D+000 -9.0872982703D-002 -1.5509911522D-001
 -4.6218940952D-012  2.2118981644D-011  0.0000000000D+000  8.4424740106D-012
 -4.8993462542D-011 -2.6857405375D-011 -4.1662010862D-001 -2.7554351399D-011
  6.8642681617D-011  8.4557377278D-011  7.9388900410D-001  0.0000000000D+000
  1.7493032850D-012  0.0000000000D+000  0.0000000000D+000 -1.9102962376D-002
 -7.2357758835D-002 -3.0461388285D-001 -1.3926035890D-001  3.0461388287D-001
  1.3926035883D-001  0.0000000000D+000  4.7743017812D-011 -4.3222497180D-011
  4.1473405918D-011 -7.9174486577D-001 -6.2114655762D-011  1.1056302033D-010
 -1.4124903029D-010  7.6699217182D-001  8.1925713176D-012 -4.3118998164D-012
  0.0000000000D+000  2.7187194868D-012  2.5212917035D-002 -9.7397224243D-003
  0.0000000000D+000  2.7579145072D-012  0.0000000000D+000 -2.6242427393D-012
 -6.8631921062D-002 -2.2418108360D-011 -1.9503069465D-011  1.2691470684D-011
 -5.0021681457D-002 -3.1008170003D-012  5.9984165114D-012  0.0000000000D+000
 -2.6756978897D-012 -1.2534780240D-002 -5.1476735426D-002 -1.0939401682D-012
 -4.4535299297D-012 -1.1703503524D-011  1.2454273086D-011 -8.3311431459D-002
  9.7827880234D-011  1.5504321317D-011 -4.0273931964D-011 -6.4591961595D-002
 -3.4133144477D-012  1.0371313818D-011 -7.3949811853D-012 -5.3253267578D-012
 -8.0781977141D-003  3.8203168135D-002  9.4259608086D-012  2.0813189566D-011
  1.6919645555D-001 -5.1529618614D-003  1.9236455917D-002 -2.5785994557D-001
  7.2029671764D-001  5.1995579275D-002 -3.3106242899D-011  6.1754847242D-001
 -1.1779075917D+000 -3.2420731758D-001  6.4811006216D-011  2.5773970613D-003
 -3.0326319651D-003 -2.3223672412D-002 -1.7619378112D-002  0.0000000000D+000
 -6.9564228068D-012  1.6133796672D-002  1.4358100080D-001  1.6133796720D-002
  1.4358100082D-001  9.1404649852D-004 -4.3665508211D-001  5.5758454510D-001
 -3.5173107100D-001 -6.3857177373D-011 -2.3219217109D-002 -1.0928719283D+000
  1.0599683995D+000  5.9581437324D-011 -1.3537656552D-001  4.6658385463D-002
  7.0872126706D-003 -2.6309653581D-002  0.0000000000D+000  0.0000000000D+000
 -9.8722583446D-003  1.6438845779D-002 -1.9971632714D-002  9.1512445390D-002
 -5.3854462688D-012  2.2972572007D-001  1.9486314255D-001 -1.7127575642D-002
 -2.2999610694D-012  4.3240916304D-002 -5.9703293695D-002  1.2660645062D-002
  3.3146578053D-002 -1.2680578081D-012 -4.2055935291D-012 -3.5204772794D-003
  3.6095289019D-002  5.4795389506D-002 -1.1796609321D-001 -5.8322776822D-012
 -6.1768614138D-001 -4.6022666324D-002  2.7081529490D-001 -7.2242258166D-012
  5.2081200541D-002 -1.3182343205D-001  6.0557301685D-002  3.6901483482D-002
  0.0000000000D+000  2.5620327326D-012 -1.4580521129D-001 -2.1899973819D-001
GEOMETRY2
  1        3.50019900451000       -1.77934359651000       -0.00000000000000
  6        2.59947036533000        0.07329805053530       -0.00000000000000
  1        3.21426155488000        1.12780702237000        1.67511381203000
  1        3.21426155488000        1.12780702237000       -1.67511381203000
  6       -0.25246024663500       -0.26159033485000        0.00000000000000
  8       -1.32372140726000       -2.26728627694000        0.00000000000000
  8       -1.61644891764000        1.92702608185000       -0.00000000000000
  1       -0.48942022728700        3.37556481836000       -0.00000000000000
HESSIAN 6-31G(d)
  24
  1.0855830438D-001
 -1.1887395619D-001  2.9836015504D-001
 -6.3192971102D-012  1.2422902214D-011  4.7731581700D-002
 -9.9930289095D-002  1.1279321261D-001  3.0141984662D-012  4.7489439290D-001
  1.0537795965D-001 -2.8055818237D-001 -1.1159101484D-011 -2.9091999809D-002
  6.1113884405D-001
  3.8582340962D-012 -1.0003730318D-011 -4.9448568063D-002 -1.4753726081D-011
  5.1999048071D-012  5.3955129846D-001
  4.7574706036D-003  5.9664548369D-003  1.3201332045D-002 -7.1191029227D-002
 -3.6575366826D-002 -6.6204882576D-002  7.4087681747D-002
 -1.0047681253D-002 -1.2199195159D-002 -2.4402471008D-002 -3.6334550359D-002
 -1.1562223142D-001 -1.1030617972D-001  4.2648016912D-002  1.2183461870D-001
  1.3673031586D-003  1.1034196833D-003  1.3464468053D-003 -6.2958165442D-002
 -1.0975836036D-001 -2.2000208813D-001  6.9054916935D-002  1.2060614633D-001
  2.3769164452D-001
  4.7574705996D-003  5.9664548335D-003 -1.3201332039D-002 -7.1191029187D-002
 -3.6575366831D-002  6.6204882586D-002  3.1551533426D-003  6.3602176958D-003
 -8.1970907552D-003  7.4087681704D-002
 -1.0047681253D-002 -1.2199195156D-002  2.4402471006D-002 -3.6334550363D-002
 -1.1562223138D-001  1.1030617973D-001  6.3602176957D-003  9.7896742103D-003
 -1.4536489993D-002  4.2648016914D-002  1.2183461866D-001
 -1.3673031566D-003 -1.1034196845D-003  1.3464467982D-003  6.2958165450D-002
  1.0975836037D-001 -2.2000208812D-001  8.1970907579D-003  1.4536490000D-002
 -2.0971383395D-002 -6.9054916946D-002 -1.2060614635D-001  2.3769164452D-001
 -1.2623615412D-002 -2.9342795566D-003 -4.0723296866D-012 -1.8412526233D-001
 -1.2189283760D-003  9.7824256820D-012 -5.0666575916D-003 -1.6035238202D-003
  1.1739135145D-003 -5.0666575830D-003 -1.6035238136D-003 -1.1739135225D-003
  6.6949386620D-001
  3.6044136685D-002  3.0317849000D-003 -1.8554801068D-012  1.3886824058D-003
 -8.7211907400D-002  8.6288974790D-012 -2.0281350234D-002 -5.2985147435D-003
 -4.3432071056D-004 -2.0281350226D-002 -5.2985147457D-003  4.3432071172D-004
  2.2996579284D-001  9.4104542509D-001
  1.1578667244D-012 -1.8144962117D-012 -2.5035727797D-003  1.2089422857D-011
 -2.3124658407D-012 -9.3193058873D-002 -3.1503826390D-002 -1.7936791668D-003
  2.9433385289D-003  3.1503826383D-002  1.7936791709D-003  2.9433385218D-003
 -2.7714428215D-011 -5.5131688243D-011  2.2141270891D-001
  3.9449062009D-003 -7.2540300834D-004  1.6681890194D-012 -2.2597314049D-002
 -4.2658801966D-002 -1.7575088509D-012 -5.5956608925D-003 -2.2595489400D-003
  8.5406008933D-004 -5.5956608938D-003 -2.2595489430D-003 -8.5406008581D-004
 -2.8538515185D-001 -2.9576089804D-001  1.9280401435D-011  2.7747395488D-001
 -1.7687560706D-003  1.5207264149D-003  2.1013898888D-012 -2.1053662889D-002
 -1.1372828407D-002 -1.0667559376D-011 -8.7402167996D-004  1.1618354119D-003
  1.6740820749D-003 -8.7402168043D-004  1.1618354122D-003 -1.6740820740D-003
 -3.0405461967D-001 -6.1667561665D-001  5.9423826570D-011  3.3037529306D-001
  7.2964324187D-001
  0.0000000000D+000  0.0000000000D+000 -3.9142649118D-004 -2.5697693743D-012
 -1.8165923734D-012  2.6366884515D-002  4.4456538794D-003  7.7221775417D-004
 -9.9762680345D-004 -4.4456538801D-003 -7.7221775427D-004 -9.9762680014D-004
  1.2628443333D-011  5.0559858964D-011 -7.4491521606D-002 -1.6163070623D-011
 -4.7778248855D-011  2.9847720985D-002
 -9.0432709178D-003 -1.7657736690D-003  0.0000000000D+000 -2.4135737640D-002
  3.8929756582D-002 -5.9930383921D-012  5.1995134265D-004  6.3028344136D-004
 -5.4222490977D-004  5.1995134144D-004  6.3028343957D-004  5.4222491222D-004
 -1.9221785520D-001  4.8106424548D-002  3.9990784876D-012  3.7648250839D-002
 -8.5427028181D-003  7.1758331026D-012  4.1368572433D-001
  9.2289852844D-004  1.7140173905D-003  0.0000000000D+000  8.8429885800D-003
 -4.7027254847D-003  0.0000000000D+000  1.8939559451D-003  1.4686789535D-004
  9.6307863057D-004  1.8939559448D-003  1.4686789659D-004 -9.6307863328D-004
  1.1568294976D-001 -1.9701146774D-001 -1.0007906090D-012  5.0979225973D-003
 -9.9412481352D-002 -3.2786039040D-012  1.1043862870D-001  6.0467696826D-001
  0.0000000000D+000  0.0000000000D+000  2.8828316824D-003 -6.3033866419D-012
  2.2152042525D-012  1.5281906413D-002  3.8777335877D-003  5.0353705516D-004
  6.0928413502D-004 -3.8777335869D-003 -5.0353705687D-004  6.0928413633D-004
  2.4291400333D-011 -5.6451371433D-012 -4.9462157321D-002 -6.2777796261D-012
  2.0583810228D-012  1.3343783489D-002 -1.8627620310D-011 -4.6150919238D-012
  2.4169981260D-002
 -4.2097636287D-004 -4.2670985861D-004  0.0000000000D+000 -1.7237313690D-003
  1.8127475858D-003 -1.0599258120D-012 -6.6690932727D-004  6.0678632380D-004
 -7.5271258990D-004 -6.6690932626D-004  6.0678632306D-004  7.5271259016D-004
  1.4991333803D-002  2.0818562027D-002 -1.8927431455D-012  1.0667573996D-004
  6.7924917261D-003  0.0000000000D+000 -2.2697701412D-001 -2.4477330005D-001
  6.1809232416D-012  2.1535753096D-001
 -1.6069200982D-003  3.2988894460D-004  0.0000000000D+000 -2.1012016314D-004
  3.9512624138D-003  0.0000000000D+000  8.6209335118D-004  1.8694509809D-004
  3.8244434233D-004  8.6209335039D-004  1.8694509778D-004 -3.8244434190D-004
 -3.4233867387D-002 -3.2581188682D-002 -3.3164569386D-012  8.1909852387D-003
 -6.0267127188D-003  2.4374962914D-012 -1.8842690021D-001 -3.0555804689D-001
  6.7997848320D-012  2.1456263592D-001  3.3951090674D-001
  0.0000000000D+000  0.0000000000D+000 -9.6373965282D-004  0.0000000000D+000
  0.0000000000D+000  1.4457138200D-003 -1.0680182384D-003  8.3938753216D-005
 -6.1961566009D-004  1.0680182378D-003 -8.3938752549D-005 -6.1961566039D-004
 -7.0633078396D-012  2.2175088203D-012 -7.6490753022D-003  0.0000000000D+000
 -5.9492255586D-012  7.3198126536D-003  1.0650159276D-011  1.0830235575D-011
 -7.4349138326D-003 -3.2707793787D-012 -7.1067949243D-012  8.5214336342D-003
