External AB INITIO PROGRAM: converted archive file
Jobname.Temp
  10  76  29  74   0   1  31   0 RB3LYP   6-31G(d)        NOOPTOPT FREQ        
GEOMETRY
 16     0.8304750    -0.4592292    -0.0000000
  8    -0.7312734    -2.8502954    -0.0000000
  6    -0.3403195     1.5537588    -2.5762209
  6    -0.3403195     1.5537588     2.5762209
  1     0.1131848     0.5928377    -4.3466819
  1    -2.3903329     1.7649535    -2.4101959
  1     0.6003583     3.3946708    -2.5174419
  1     0.1131848     0.5928377     4.3466819
  1    -2.3903329     1.7649535     2.4101959
  1     0.6003583     3.3946708     2.5174419
BASIS
   0   6   1   1   0
   1   6   7   1   0
   1   3  13   1   0
   1   1  16   1   0
   2   1  17   1   0
   0   6  18   2   0
   1   3  24   2   0
   1   1  27   2   0
   2   1  28   2   0
   0   6  29   3   0
   1   3  35   3   0
   1   1  38   3   0
   2   1  39   3   0
   0   6  40   4   0
   1   3  46   4   0
   1   1  49   4   0
   2   1  50   4   0
   0   3  51   5   0
   0   1  54   5   0
   0   3  55   6   0
   0   1  58   6   0
   0   3  59   7   0
   0   1  62   7   0
   0   3  63   8   0
   0   1  66   8   0
   0   3  67   9   0
   0   1  70   9   0
   0   3  71  10   0
   0   1  74  10   0
  2.1917100000D+004
  2.3994239599D+000  0.0000000000D+000  0.0000000000D+000  0.0000000000D+000
  3.3014900000D+003
  4.4172071119D+000  0.0000000000D+000  0.0000000000D+000  0.0000000000D+000
  7.5414600000D+002
  7.1484157113D+000  0.0000000000D+000  0.0000000000D+000  0.0000000000D+000
  2.1271100000D+002
  9.4671126639D+000  0.0000000000D+000  0.0000000000D+000  0.0000000000D+000
  6.7989600000D+001
  8.1557766316D+000  0.0000000000D+000  0.0000000000D+000  0.0000000000D+000
  2.3051500000D+001
  2.5348165751D+000  0.0000000000D+000  0.0000000000D+000  0.0000000000D+000
  4.2373500000D+002
 -1.5819957125D-001  1.1128612843D+001  0.0000000000D+000  0.0000000000D+000
  1.0071000000D+002
 -7.1808851429D-001  1.3952446885D+001  0.0000000000D+000  0.0000000000D+000
  3.2159900000D+001
 -1.0906647278D+000  1.4240794718D+001  0.0000000000D+000  0.0000000000D+000
  1.1807900000D+001
  2.5463911873D-001  1.0208828001D+001  0.0000000000D+000  0.0000000000D+000
  4.6311000000D+000
  1.3325454715D+000  4.3853135609D+000  0.0000000000D+000  0.0000000000D+000
  1.8702500000D+000
  5.1862333532D-001  7.9822607868D-001  0.0000000000D+000  0.0000000000D+000
  2.6158400000D+000
 -3.6703388928D-001 -6.8809941201D-002  0.0000000000D+000  0.0000000000D+000
  9.2216700000D-001
  4.4906760322D-002  3.9965185445D-001  0.0000000000D+000  0.0000000000D+000
  3.4128700000D-001
  3.3558231646D-001  2.8053626786D-001  0.0000000000D+000  0.0000000000D+000
  1.1716700000D-001
  1.4272960860D-001  9.7711735179D-002  0.0000000000D+000  0.0000000000D+000
  6.5000000000D-001
  0.0000000000D+000  0.0000000000D+000  7.7447576146D-001  0.0000000000D+000
  5.4846717000D+003
  8.3173520885D-001  0.0000000000D+000  0.0000000000D+000  0.0000000000D+000
  8.2523495000D+002
  1.5308074829D+000  0.0000000000D+000  0.0000000000D+000  0.0000000000D+000
  1.8804696000D+002
  2.4771490916D+000  0.0000000000D+000  0.0000000000D+000  0.0000000000D+000
  5.2964500000D+001
  3.2562802462D+000  0.0000000000D+000  0.0000000000D+000  0.0000000000D+000
  1.6897570000D+001
  2.7928936336D+000  0.0000000000D+000  0.0000000000D+000  0.0000000000D+000
  5.7996353000D+000
  9.5493769626D-001  0.0000000000D+000  0.0000000000D+000  0.0000000000D+000
  1.5539616000D+001
 -6.1793369763D-001  3.1169455889D+000  0.0000000000D+000  0.0000000000D+000
  3.5999336000D+000
 -2.7572100882D-001  2.4014372483D+000  0.0000000000D+000  0.0000000000D+000
  1.0137618000D+000
  8.1420764273D-001  1.0543605133D+000  0.0000000000D+000  0.0000000000D+000
  2.7000580000D-001
  2.6695613886D-001  2.7743193731D-001  0.0000000000D+000  0.0000000000D+000
  8.0000000000D-001
  0.0000000000D+000  0.0000000000D+000  1.1138249281D+000  0.0000000000D+000
  3.0475249000D+003
  5.3633438234D-001  0.0000000000D+000  0.0000000000D+000  0.0000000000D+000
  4.5736951000D+002
  9.8945060758D-001  0.0000000000D+000  0.0000000000D+000  0.0000000000D+000
  1.0394869000D+002
  1.5972822308D+000  0.0000000000D+000  0.0000000000D+000  0.0000000000D+000
  2.9210155000D+001
  2.0791870615D+000  0.0000000000D+000  0.0000000000D+000  0.0000000000D+000
  9.2866630000D+000
  1.7741742532D+000  0.0000000000D+000  0.0000000000D+000  0.0000000000D+000
  3.1639270000D+000
  6.1257982601D-001  0.0000000000D+000  0.0000000000D+000  0.0000000000D+000
  7.8682724000D+000
 -3.9955635160D-001  1.2960827175D+000  0.0000000000D+000  0.0000000000D+000
  1.8812885000D+000
 -1.8415523929D-001  9.9375362822D-001  0.0000000000D+000  0.0000000000D+000
  5.4424930000D-001
  5.1639037938D-001  4.9595271376D-001  0.0000000000D+000  0.0000000000D+000
  1.6871440000D-001
  1.8761787212D-001  1.5412755095D-001  0.0000000000D+000  0.0000000000D+000
  8.0000000000D-001
  0.0000000000D+000  0.0000000000D+000  1.1138249281D+000  0.0000000000D+000
  3.0475249000D+003
  5.3633438234D-001  0.0000000000D+000  0.0000000000D+000  0.0000000000D+000
  4.5736951000D+002
  9.8945060758D-001  0.0000000000D+000  0.0000000000D+000  0.0000000000D+000
  1.0394869000D+002
  1.5972822308D+000  0.0000000000D+000  0.0000000000D+000  0.0000000000D+000
  2.9210155000D+001
  2.0791870615D+000  0.0000000000D+000  0.0000000000D+000  0.0000000000D+000
  9.2866630000D+000
  1.7741742532D+000  0.0000000000D+000  0.0000000000D+000  0.0000000000D+000
  3.1639270000D+000
  6.1257982601D-001  0.0000000000D+000  0.0000000000D+000  0.0000000000D+000
  7.8682724000D+000
 -3.9955635160D-001  1.2960827175D+000  0.0000000000D+000  0.0000000000D+000
  1.8812885000D+000
 -1.8415523929D-001  9.9375362822D-001  0.0000000000D+000  0.0000000000D+000
  5.4424930000D-001
  5.1639037938D-001  4.9595271376D-001  0.0000000000D+000  0.0000000000D+000
  1.6871440000D-001
  1.8761787212D-001  1.5412755095D-001  0.0000000000D+000  0.0000000000D+000
  8.0000000000D-001
  0.0000000000D+000  0.0000000000D+000  1.1138249281D+000  0.0000000000D+000
  1.8731137000D+001
  2.1493541833D-001  0.0000000000D+000  0.0000000000D+000  0.0000000000D+000
  2.8253937000D+000
  3.6457112721D-001  0.0000000000D+000  0.0000000000D+000  0.0000000000D+000
  6.4012170000D-001
  4.1505142766D-001  0.0000000000D+000  0.0000000000D+000  0.0000000000D+000
  1.6127780000D-001
  1.8138068393D-001  0.0000000000D+000  0.0000000000D+000  0.0000000000D+000
  1.8731137000D+001
  2.1493541833D-001  0.0000000000D+000  0.0000000000D+000  0.0000000000D+000
  2.8253937000D+000
  3.6457112721D-001  0.0000000000D+000  0.0000000000D+000  0.0000000000D+000
  6.4012170000D-001
  4.1505142766D-001  0.0000000000D+000  0.0000000000D+000  0.0000000000D+000
  1.6127780000D-001
  1.8138068393D-001  0.0000000000D+000  0.0000000000D+000  0.0000000000D+000
  1.8731137000D+001
  2.1493541833D-001  0.0000000000D+000  0.0000000000D+000  0.0000000000D+000
  2.8253937000D+000
  3.6457112721D-001  0.0000000000D+000  0.0000000000D+000  0.0000000000D+000
  6.4012170000D-001
  4.1505142766D-001  0.0000000000D+000  0.0000000000D+000  0.0000000000D+000
  1.6127780000D-001
  1.8138068393D-001  0.0000000000D+000  0.0000000000D+000  0.0000000000D+000
  1.8731137000D+001
  2.1493541833D-001  0.0000000000D+000  0.0000000000D+000  0.0000000000D+000
  2.8253937000D+000
  3.6457112721D-001  0.0000000000D+000  0.0000000000D+000  0.0000000000D+000
  6.4012170000D-001
  4.1505142766D-001  0.0000000000D+000  0.0000000000D+000  0.0000000000D+000
  1.6127780000D-001
  1.8138068393D-001  0.0000000000D+000  0.0000000000D+000  0.0000000000D+000
  1.8731137000D+001
  2.1493541833D-001  0.0000000000D+000  0.0000000000D+000  0.0000000000D+000
  2.8253937000D+000
  3.6457112721D-001  0.0000000000D+000  0.0000000000D+000  0.0000000000D+000
  6.4012170000D-001
  4.1505142766D-001  0.0000000000D+000  0.0000000000D+000  0.0000000000D+000
  1.6127780000D-001
  1.8138068393D-001  0.0000000000D+000  0.0000000000D+000  0.0000000000D+000
  1.8731137000D+001
  2.1493541833D-001  0.0000000000D+000  0.0000000000D+000  0.0000000000D+000
  2.8253937000D+000
  3.6457112721D-001  0.0000000000D+000  0.0000000000D+000  0.0000000000D+000
  6.4012170000D-001
  4.1505142766D-001  0.0000000000D+000  0.0000000000D+000  0.0000000000D+000
  1.6127780000D-001
  1.8138068393D-001  0.0000000000D+000  0.0000000000D+000  0.0000000000D+000
ENERGY
 -5.5318693254D+002   0.0000000000D+00
WAVEFUNC   6-31G(d)   QCHEM 
 -8.8985128376D+001 -1.9099349519D+001 -1.0213960715D+001 -1.0213955990D+001
 -8.0321858574D+000 -5.9961438120D+000 -5.9954488895D+000 -5.9894699138D+000
 -9.9685054954D-001 -7.8779298986D-001 -7.2022915099D-001 -6.0410824764D-001
 -4.6557914880D-001 -4.5674980190D-001 -4.5500460251D-001 -4.2583069040D-001
 -3.9719184027D-001 -3.9168987547D-001 -3.5044526383D-001 -2.6012314038D-001
 -2.2241747198D-001  4.2667644020D-002  4.8509241859D-002  7.9378283110D-002
  9.6703698165D-002  1.2075864024D-001  1.3784691169D-001  1.4707796241D-001
  1.6197666839D-001  1.7724883492D-001  3.3729976593D-001                   
  9.9611522066D-001  1.4850561993D-002 -9.1029982345D-005  2.4640216029D-005
  0.0000000000D+000 -2.4220847452D-002  7.6536444405D-005 -1.1248406224D-004
  0.0000000000D+000  3.0830849372D-003 -1.5548997536D-004  1.9413457002D-004
  0.0000000000D+000  8.5263237044D-003  8.5295935471D-003  8.4889577418D-003
  3.3645324992D-005  0.0000000000D+000  0.0000000000D+000  4.0774009907D-005
  1.3478620240D-004 -4.6899870196D-005 -5.3111269203D-005  0.0000000000D+000
 -2.3178142125D-004  1.0715959057D-004  8.1005856789D-005  0.0000000000D+000
  5.2380822489D-005 -5.7333850316D-005  1.3171095969D-004 -1.4031409885D-004
  0.0000000000D+000  0.0000000000D+000 -9.5351959296D-006  4.4915811429D-005
  4.4508731517D-005 -7.8257669866D-005  9.7283119493D-005  2.8594072930D-004
 -3.0347275330D-005  6.9995780833D-005 -1.2354881520D-004 -2.2118702873D-005
 -2.5365749365D-005 -3.6255689262D-005  2.4808186330D-006 -8.4148856047D-006
  1.5371032049D-005 -9.5351959298D-006  4.4915811431D-005  4.4508731516D-005
 -7.8257669867D-005 -9.7283119494D-005  2.8594072930D-004 -3.0347275330D-005
  6.9995780834D-005  1.2354881521D-004 -2.2118702874D-005 -2.5365749366D-005
 -3.6255689262D-005  2.4808186334D-006  8.4148856044D-006 -1.5371032049D-005
 -3.4958995338D-005 -2.1367680890D-004 -3.5449624071D-005 -1.9526826428D-004
 -3.3553368132D-005 -2.0627566690D-004 -3.4958995337D-005 -2.1367680890D-004
 -3.5449624070D-005 -1.9526826428D-004 -3.3553368132D-005 -2.0627566690D-004
  1.8173210725D-005  1.5579584623D-005  1.1451130034D-005  2.0117359111D-005
  0.0000000000D+000  7.6422507795D-004 -1.4070024637D-004 -1.6315262115D-004
  0.0000000000D+000 -3.7787411945D-003  1.7051290520D-003  6.3914293371D-004
  0.0000000000D+000  6.5030696760D-005  8.5076116806D-005 -3.1131195099D-005
  8.3077430636D-005  0.0000000000D+000  0.0000000000D+000  9.9281019238D-001
  2.5836184831D-002  5.1221914330D-004  7.9090849655D-004  0.0000000000D+000
  1.1594088180D-002  1.0869121361D-004  5.1294531721D-004  0.0000000000D+000
 -7.9450756446D-003 -7.9182661970D-003 -7.9214586762D-003 -3.4161240469D-005
  0.0000000000D+000  0.0000000000D+000 -2.2450043441D-005 -1.3670313933D-004
  1.7573114873D-005 -1.7855281882D-005  1.6292714626D-005  9.6719613788D-004
 -6.7522959397D-005 -4.0310850411D-004  4.3927130353D-004 -2.4248102509D-005
 -1.0071912638D-005  2.0158280183D-005 -1.5946956939D-005 -1.7039199813D-005
 -4.7373255146D-005 -2.2450043443D-005 -1.3670313933D-004  1.7573114875D-005
 -1.7855281879D-005 -1.6292714625D-005  9.6719613787D-004 -6.7522959412D-005
 -4.0310850411D-004 -4.3927130352D-004 -2.4248102509D-005 -1.0071912639D-005
  2.0158280183D-005 -1.5946956940D-005  1.7039199814D-005  4.7373255145D-005
 -3.8039802017D-005  1.2204726871D-004 -5.7904807364D-005  6.9946472868D-005
  2.2772149931D-005 -3.2869198100D-005 -3.8039802016D-005  1.2204726870D-004
 -5.7904807365D-005  6.9946472858D-005  2.2772149933D-005 -3.2869198094D-005
 -7.7802854559D-012 -1.4594299976D-010  1.9234107640D-011  1.0253485805D-011
  3.2713863444D-005 -2.9966021570D-010 -1.9440270853D-010  8.7134109606D-011
 -4.7092574678D-004  6.4948491056D-009 -2.1408170254D-009  1.6742265408D-009
 -1.3507627809D-003 -2.7064730855D-010 -1.7000976354D-010 -1.7318941236D-010
  8.0226399336D-011  1.2204886027D-005 -4.3016347759D-005  6.0809016717D-011
  2.7682219134D-010 -4.0550084409D-011 -6.5224038193D-012  3.2642436571D-005
 -1.8232646124D-009  5.7336242796D-011 -5.2485176513D-010  2.0915878030D-005
  1.4182694309D-010  1.2280003369D-010  1.7825253341D-010  1.1394714043D-011
  6.1152037093D-005 -8.5675409336D-005  7.0208649121D-001  3.5480367233D-002
  6.7745221676D-005 -1.3294664607D-005  2.3932540357D-004 -1.0913433810D-002
  9.1807813902D-005 -2.3580691668D-004 -7.8460964232D-004 -6.4746888983D-003
 -6.4832803156D-003 -6.5732690048D-003  2.4839614775D-005 -3.7526440789D-005
  7.1379395968D-005 -7.0208513146D-001 -3.5480298586D-002 -6.7745053881D-005
  1.3294427986D-005  2.3932531088D-004  1.0913411513D-002 -9.1808337365D-005
  2.3580907668D-004 -7.8460845705D-004  6.4746762368D-003  6.4832675652D-003
  6.5732561653D-003 -2.4839537147D-005 -3.7526362557D-005  7.1379121398D-005
 -9.6770787565D-005  1.2633573397D-003 -2.9144030209D-005  2.0952369893D-003
 -4.8270029216D-005  2.1016061831D-003  9.6770713784D-005 -1.2633535055D-003
  2.9144014968D-005 -2.0952344175D-003  4.8269810251D-005 -2.1016037268D-003
 -8.0347438998D-006 -1.5070632699D-004  1.9863401640D-005  1.0588809515D-005
 -3.1678585983D-011 -3.0944190973D-004 -2.0075059022D-004  8.9976334327D-005
  4.5604085200D-010  6.7068769703D-003 -2.2106991884D-003  1.7288839623D-003
  1.3080748997D-009 -2.7948514405D-004 -1.7556121314D-004 -1.7884174650D-004
  8.2846417496D-005 -1.1818248854D-011  4.1656280991D-011  6.2795608541D-005
  2.8586124983D-004 -4.1873437521D-005 -6.7346860559D-006 -3.1609967546D-011
 -1.8827943831D-003  5.9207667798D-005 -5.4198997281D-004 -2.0258240777D-011
  1.4645964702D-004  1.2680906286D-004  1.8407444890D-004  1.1766668462D-005
 -5.9219464564D-011  8.2966308845D-011  7.0206442020D-001  3.5443112402D-002
  8.6677589263D-005 -1.2215719197D-004  4.7783799772D-005 -1.1512188828D-002
 -2.7030605889D-004  1.1152463371D-003 -6.1194056348D-004 -6.5371357973D-003
 -6.5830595299D-003 -6.6290304895D-003  4.0086101090D-005 -4.0384926322D-005
  1.4175262880D-004  7.0206577998D-001  3.5443181119D-002  8.6677720554D-005
 -1.2215721769D-004 -4.7784263142D-005 -1.1512209965D-002 -2.7030588115D-004
  1.1152458804D-003  6.1194208296D-004 -6.5371483369D-003 -6.5830720862D-003
 -6.6290432200D-003  4.0086149211D-005  4.0384998984D-005 -1.4175276702D-004
 -3.8099886834D-005  1.9797238683D-003 -7.8652677339D-006  1.3278256369D-003
 -1.1306087683D-004  1.2682392961D-003 -3.8100074263D-005  1.9797263153D-003
 -7.8653241801D-006  1.3278296949D-003 -1.1306097034D-004  1.2682433665D-003
 -2.7979119370D-001  1.0226140285D+000 -1.0512856784D-002  6.6276460156D-004
  0.0000000000D+000  7.6942470176D-002 -2.0287985551D-003 -3.3433294250D-005
  0.0000000000D+000 -2.1916365842D-002  3.8690049984D-003 -2.9065616842D-003
  0.0000000000D+000 -1.6609154209D-002 -1.5703306892D-002 -1.6428908228D-002
  4.7773479836D-004  0.0000000000D+000  0.0000000000D+000 -3.1680052335D-004
 -7.0267925217D-004  1.6059679486D-004 -8.2581292416D-005  0.0000000000D+000
  2.7997995661D-003 -1.6386937694D-003 -8.0251249251D-004  0.0000000000D+000
 -6.4649339086D-004 -6.1634465332D-004 -5.1015366435D-004 -2.0013508937D-004
  0.0000000000D+000  0.0000000000D+000 -6.0790923960D-005  1.7045766649D-004
 -2.1125677131D-004  5.0952350831D-004 -5.1005802737D-004  1.2971146923D-003
  2.0978776606D-004 -1.5439523149D-003  1.8024016835D-003 -6.8683763629D-005
 -2.8857975095D-004 -3.6603403145D-004  2.2182365256D-004 -2.6177657023D-004
  3.4987534792D-004 -6.0790923959D-005  1.7045766653D-004 -2.1125677132D-004
  5.0952350832D-004  5.1005802739D-004  1.2971146922D-003  2.0978776604D-004
 -1.5439523148D-003 -1.8024016835D-003 -6.8683763631D-005 -2.8857975096D-004
 -3.6603403147D-004  2.2182365257D-004  2.6177657025D-004 -3.4987534794D-004
 -5.0182491484D-005  1.2724094774D-003 -1.4389821200D-004  1.4595179605D-003
 -8.0177492465D-006  1.6890713736D-003 -5.0182491482D-005  1.2724094774D-003
 -1.4389821199D-004  1.4595179605D-003 -8.0177492417D-006  1.6890713736D-003
 -1.5232621485D-005  1.5937275649D-004  7.0597578140D-002  9.8800131827D-001
  5.2813903312D-010  1.1970625484D-003  3.5918766562D-003  3.3060830157D-002
  1.6504409245D-011 -7.4238274693D-003  2.3586420200D-003 -8.3805678241D-003
 -4.3909884138D-012 -7.1397676658D-004 -1.5733251856D-003  7.3895141181D-004
 -2.7307383610D-003  0.0000000000D+000  0.0000000000D+000  1.1225932635D-004
 -1.2171005838D-003  7.0062829251D-005 -2.1794522939D-004  0.0000000000D+000
  6.9742138941D-003  2.7874031162D-003  5.3585424025D-003  0.0000000000D+000
 -1.8470343230D-004  3.0075012511D-005 -7.6145239628D-004  8.0800817999D-004
  0.0000000000D+000  0.0000000000D+000 -3.5295153226D-005  5.8050504114D-004
 -2.6545232731D-004  3.3310521965D-004 -5.1595100772D-004  4.0217536178D-004
 -1.9774728581D-004 -8.8416899250D-004  4.6034941800D-004 -1.5537508457D-004
 -3.8503480568D-005 -7.5231905801D-004  1.9612847397D-004 -5.5838148973D-004
  4.3898783672D-004 -3.5295153099D-005  5.8050504280D-004 -2.6545232766D-004
  3.3310522023D-004  5.1595100830D-004  4.0217535722D-004 -1.9774728601D-004
 -8.8416899179D-004 -4.6034941736D-004 -1.5537508444D-004 -3.8503481020D-005
 -7.5231905844D-004  1.9612847451D-004  5.5838149022D-004 -4.3898783761D-004
  5.4083882025D-005  1.3277201924D-004 -1.7682831882D-005  8.6867856813D-004
  5.1719655113D-005  1.8450084464D-003  5.4083882172D-005  1.3277202168D-004
 -1.7682831637D-005  8.6867856932D-004  5.1719655324D-005  1.8450084475D-003
  0.0000000000D+000  0.0000000000D+000 -6.4062051900D-011 -5.2475265547D-010
  9.9092865731D-001  0.0000000000D+000 -2.7127919170D-012 -1.7446382013D-011
  3.0747096635D-002  3.9592408670D-012 -1.0497788077D-012  4.4237228626D-012
 -8.1779075470D-003  0.0000000000D+000  0.0000000000D+000  0.0000000000D+000
  1.4645416321D-012 -1.4149604073D-003  8.8253828357D-004  0.0000000000D+000
  0.0000000000D+000  0.0000000000D+000  0.0000000000D+000 -1.5451667328D-004
 -3.7278141694D-012 -1.4935717881D-012 -2.8842241358D-012  1.5228759580D-005
  0.0000000000D+000  0.0000000000D+000  0.0000000000D+000  0.0000000000D+000
 -4.1146939771D-004 -6.5233896538D-004 -1.1663880527D-004 -1.5265415772D-003
  3.2879354250D-004 -5.3473039577D-004  5.3762386469D-004  4.2157955922D-003
  1.7850379739D-004 -6.4942640422D-004  5.8275598809D-004 -1.2437319734D-004
  4.1498578180D-004  3.8943360990D-004 -5.0521158965D-004  4.4721817712D-004
 -8.2187394171D-004  1.1663880531D-004  1.5265415766D-003 -3.2879354222D-004
  5.3473039543D-004  5.3762386417D-004 -4.2157955928D-003 -1.7850379719D-004
  6.4942640522D-004  5.8275598861D-004  1.2437319751D-004 -4.1498578178D-004
 -3.8943360913D-004  5.0521158945D-004  4.4721817654D-004 -8.2187394129D-004
 -1.3425353307D-004 -2.2692330457D-003 -2.2691686421D-004 -1.1151389839D-003
 -1.9535339877D-004 -9.7509979666D-004  1.3425353302D-004  2.2692330456D-003
  2.2691686423D-004  1.1151389831D-003  1.9535339872D-004  9.7509979470D-004
 -3.1169279534D-003  1.1793857239D-002  9.8866456972D-001 -7.1005254570D-002
  2.6507778575D-011 -5.0278399828D-004  2.9519492180D-002 -1.0587814637D-003
  0.0000000000D+000 -6.2416566651D-003 -5.6262314353D-003  1.3461823103D-005
  0.0000000000D+000 -8.6329069845D-004  5.7476133663D-006  6.3526943345D-004
 -4.6645491859D-004  0.0000000000D+000  0.0000000000D+000  2.3676744919D-005
 -7.2930779145D-004 -1.1220514161D-004 -1.5658995621D-004  0.0000000000D+000
  4.3484637329D-003  1.1791890581D-003  2.8287630247D-003  0.0000000000D+000
 -9.5399670403D-004  3.5249714374D-004 -4.9206800305D-004 -1.6747712576D-004
  0.0000000000D+000  0.0000000000D+000 -7.9498457506D-005 -8.0835956085D-004
  5.9427588768D-005 -1.9465454209D-004  2.6812588808D-004  3.1389416555D-003
 -2.0755946951D-004 -1.1815992371D-003  1.2951916699D-003 -2.4755963959D-004
  9.6268063170D-005  3.6913861027D-004  2.7902171434D-005 -9.8640873428D-005
 -5.4960584702D-004 -7.9498457501D-005 -8.0835956078D-004  5.9427588752D-005
 -1.9465454206D-004 -2.6812588805D-004  3.1389416553D-003 -2.0755946952D-004
 -1.1815992371D-003 -1.2951916699D-003 -2.4755963959D-004  9.6268063153D-005
  3.6913861025D-004  2.7902171458D-005  9.8640873450D-005  5.4960584698D-004
 -1.8447867952D-004  1.0616239651D-004 -2.0561474397D-004 -1.3181802770D-003
 -1.2156617275D-004  4.1838748357D-004 -1.8447867952D-004  1.0616239664D-004
 -2.0561474396D-004 -1.3181802770D-003 -1.2156617274D-004  4.1838748363D-004
  4.3870169598D-002 -1.9758394171D-001  5.1742060402D-002  5.6991910932D-002
 -1.0528999954D-012  3.9958847496D-001 -1.1264829924D-001 -1.1774630999D-001
  2.8930816076D-012  9.9296067842D-003  2.6972296712D-002  8.7977778553D-003
  0.0000000000D+000 -5.4033367577D-003  2.4839681288D-002 -2.2812161234D-002
  3.8142543845D-002  0.0000000000D+000  0.0000000000D+000 -1.7637856935D-001
  3.8498921245D-001  7.6627949669D-002  1.2394112068D-001  3.6979819706D-012
  3.7061390563D-001  2.6124800753D-002  4.9845849333D-002  1.1224938080D-012
 -1.0603959611D-003  1.2388999865D-002 -7.4975689822D-003  1.4777416352D-002
  0.0000000000D+000  0.0000000000D+000 -2.2569521764D-002  3.6729798678D-002
  5.7956798466D-003 -1.7571647216D-002  1.9146301243D-002  4.6870743974D-002
  1.3504599583D-003 -1.2387335751D-002  1.1975731116D-002 -7.1107050924D-004
  1.4655438472D-003  2.3738774445D-003 -1.1273679139D-003  1.4773672515D-003
 -3.5527334001D-003 -2.2569521763D-002  3.6729798675D-002  5.7956798468D-003
 -1.7571647215D-002 -1.9146301242D-002  4.6870743974D-002  1.3504599574D-003
 -1.2387335752D-002 -1.1975731116D-002 -7.1107050937D-004  1.4655438472D-003
  2.3738774442D-003 -1.1273679137D-003 -1.4773672514D-003  3.5527333999D-003
  8.2394603669D-003  1.6321955088D-003  8.4075173152D-003  3.1221020400D-003
  7.5164324669D-003 -9.1522592285D-004  8.2394603672D-003  1.6321955089D-003
  8.4075173147D-003  3.1221020396D-003  7.5164324668D-003 -9.1522592223D-004
  3.2905105611D-002 -1.4906245021D-001  1.4937260363D-003 -8.8796898462D-002
  1.6380087391D-012  3.1221740565D-001 -7.7092766966D-003  2.0526707666D-001
 -3.1161948022D-012  8.9718073891D-002 -2.2025557707D-003  5.5125890021D-003
  0.0000000000D+000 -1.3563844290D-002 -1.2448016609D-002  2.4880535299D-002
 -3.7478959110D-002  0.0000000000D+000  0.0000000000D+000  9.2906867170D-002
 -2.0393522032D-001 -1.8355673016D-002 -8.6840219120D-003 -3.0341358766D-012
 -2.4359649056D-001 -6.9819661073D-003 -7.8872324634D-003 -1.0561447550D-012
  3.2689649488D-003  2.9221290359D-003  4.1906693193D-003 -2.0508321159D-003
  0.0000000000D+000  0.0000000000D+000 -1.1118595089D-001  2.1134517867D-001
  1.5809448956D-002 -1.3557543233D-002  3.7192747059D-002  2.0264429914D-001
  7.6188537131D-003  8.6458980686D-004  1.5795334419D-002  4.3934264285D-004
  2.1283855693D-004  2.6477712136D-003 -5.4532691366D-004  1.3462723971D-003
 -1.0172008445D-003 -1.1118595087D-001  2.1134517864D-001  1.5809448958D-002
 -1.3557543231D-002 -3.7192747053D-002  2.0264429912D-001  7.6188537121D-003
  8.6458980786D-004 -1.5795334421D-002  4.3934264245D-004  2.1283855769D-004
  2.6477712132D-003 -5.4532691324D-004 -1.3462723969D-003  1.0172008441D-003
  6.1803024773D-002  1.0036255059D-002  6.5126863354D-002  1.0043762612D-002
  6.9401692627D-002  1.1404971396D-002  6.1803024769D-002  1.0036255061D-002
  6.5126863345D-002  1.0043762612D-002  6.9401692621D-002  1.1404971395D-002
  2.5951744009D-012 -1.1620083368D-011  0.0000000000D+000 -4.6646417198D-012
 -7.1727535766D-002  2.5497071468D-011  1.2106544066D-012  1.1138102593D-011
  1.7078702948D-001  6.5767946644D-012  1.0325247601D-012  0.0000000000D+000
  5.4368313198D-003  0.0000000000D+000 -1.3257173137D-012  2.3919995758D-012
 -1.4620939008D-012 -2.1497364613D-002  3.0574849700D-002  5.5508274301D-012
 -1.2346703087D-011  0.0000000000D+000  0.0000000000D+000  2.2878279615D-002
 -1.5090938048D-011  0.0000000000D+000  0.0000000000D+000  9.7749721848D-003
  0.0000000000D+000  0.0000000000D+000  0.0000000000D+000  0.0000000000D+000
  8.8620452761D-004  2.0350860944D-003  1.4097825589D-001 -2.7019869057D-001
 -3.9724818092D-003  2.4563294219D-003  1.8701901714D-002 -2.8148038900D-001
 -5.2676251252D-003  2.4531861309D-003  6.8578217281D-004 -2.0578865510D-003
 -2.0113642837D-003  1.0665952722D-003 -5.1537146364D-004  1.0836491333D-003
 -2.0519979911D-003 -1.4097825589D-001  2.7019869056D-001  3.9724818171D-003
 -2.4563294231D-003  1.8701901714D-002  2.8148038901D-001  5.2676251270D-003
 -2.4531861327D-003  6.8578216902D-004  2.0578865507D-003  2.0113642850D-003
 -1.0665952715D-003  5.1537146368D-004  1.0836491332D-003 -2.0519979911D-003
 -1.0309763601D-001 -2.7375985586D-002 -9.2934007536D-002 -2.0899408760D-002
 -9.6315538458D-002 -2.2164588848D-002  1.0309763602D-001  2.7375985590D-002
  9.2934007536D-002  2.0899408763D-002  9.6315538465D-002  2.2164588851D-002
  5.2523605124D-002 -2.3427922455D-001 -2.4851013632D-002 -3.3860451800D-002
  0.0000000000D+000  5.4437865267D-001  5.4641158190D-002  8.3433362271D-002
  3.3659537831D-012  1.9356724588D-001  2.4390780113D-002  2.1917549193D-002
  0.0000000000D+000 -1.2184667444D-002 -1.2708741200D-002  2.7613065852D-003
 -1.2272761541D-002  0.0000000000D+000  1.5948549989D-012  8.1759148289D-002
 -1.8073865377D-001  5.2078798386D-002  6.6888834835D-002 -3.7746440088D-012
 -2.5813065893D-001  2.3432843385D-002  2.7648474692D-002 -1.4015772050D-012
  5.1668640550D-003  7.2933018814D-003  2.0151115851D-003  4.2443287124D-003
  0.0000000000D+000  0.0000000000D+000  7.6891999915D-002 -1.5241504546D-001
  6.3030056644D-002 -8.3157223503D-002  1.0898979874D-001 -1.5465921581D-001
  2.3464848382D-002 -2.9882058349D-002  3.4376776858D-002 -4.3528301197D-003
 -6.6381575754D-004  4.9450777685D-003 -4.8882419860D-003  6.6506992457D-003
 -9.2924846784D-003  7.6891999919D-002 -1.5241504546D-001  6.3030056635D-002
 -8.3157223501D-002 -1.0898979874D-001 -1.5465921581D-001  2.3464848381D-002
 -2.9882058351D-002 -3.4376776855D-002 -4.3528301194D-003 -6.6381575868D-004
  4.9450777676D-003 -4.8882419856D-003 -6.6506992454D-003  9.2924846780D-003
 -8.1849026975D-002 -3.9921705400D-002 -9.2929352264D-002 -4.5703247105D-002
 -8.4262318651D-002 -4.3525168253D-002 -8.1849026987D-002 -3.9921705408D-002
 -9.2929352263D-002 -4.5703247108D-002 -8.4262318657D-002 -4.3525168255D-002
  4.7159693475D-003 -2.1025427872D-002 -9.9298063389D-002  3.5232837798D-002
  4.8397609163D-012  5.1045407659D-002  2.5472086962D-001 -8.9157739734D-002
 -1.2333560822D-011  1.0941064390D-002  9.2971790774D-002 -2.1045895151D-002
 -2.4059643167D-012 -3.1035762244D-002  8.1401803887D-003  1.7627014296D-002
  2.0288810280D-002  0.0000000000D+000  0.0000000000D+000 -7.9939784244D-003
  1.1496302199D-002  8.0044293379D-002 -6.8021258122D-002 -3.1189929112D-012
  5.2918105504D-002  5.0252197853D-002 -3.1366340258D-002 -1.8422117130D-012
  3.2887006620D-003 -1.0614409446D-002 -1.9096985757D-003  4.0382309549D-003
  0.0000000000D+000  0.0000000000D+000 -6.5985279640D-003  1.0429694026D-002
  2.2953148532D-001  2.8858782039D-002 -1.6440329269D-001  2.5086857466D-002
  1.1678543001D-001 -1.4991620549D-005 -8.0467827630D-002 -1.0141683354D-002
  7.6704270350D-003  1.8053959173D-003  2.0045069975D-003  1.8387727828D-003
  7.9228717663D-003 -6.5985279626D-003  1.0429694027D-002  2.2953148527D-001
  2.8858782034D-002  1.6440329267D-001  2.5086857461D-002  1.1678542999D-001
 -1.4991620732D-005  8.0467827629D-002 -1.0141683352D-002  7.6704270325D-003
  1.8053959177D-003  2.0045069972D-003 -1.8387727810D-003 -7.9228717665D-003
  1.1118981743D-001  7.2427528977D-002 -1.3968442197D-001 -9.8073207962D-002
  8.2748883374D-002  6.6397974771D-002  1.1118981743D-001  7.2427528978D-002
 -1.3968442194D-001 -9.8073207956D-002  8.2748883361D-002  6.6397974759D-002
 -5.4109087941D-003  2.2605859025D-002 -1.6877287156D-002 -6.9397067241D-002
  5.1012931075D-011 -6.3872688501D-002  4.6361807240D-002  1.8101460222D-001
 -1.3130053208D-010 -2.0352862962D-002  1.2617467276D-002  5.0173072061D-002
 -3.2867420591D-011 -7.7416785880D-003  3.0254382263D-002 -2.1343391767D-002
 -9.7757015184D-003  9.7720017842D-012 -2.7015096974D-012 -4.6286351383D-002
  9.3133986316D-002 -6.7994043065D-002 -1.0883531256D-001 -4.5347144442D-011
  2.0316153351D-001 -2.4891415348D-002 -4.8508236738D-002 -2.7171871524D-011
 -6.5980175491D-003 -9.8541595521D-003 -5.2391943952D-003 -4.2475407472D-003
 -2.4545350561D-012 -3.7083545869D-012  7.9630041464D-003 -1.6349402584D-002
  9.5220588470D-002  2.1646908395D-001  1.7550824381D-001 -2.9037435463D-002
  3.8321479325D-002  1.0364557289D-001  9.4983539923D-002 -4.2523000307D-004
  5.9068536392D-003 -5.8844817434D-003  1.0154181567D-002  6.5874405209D-003
 -4.7106304207D-003  7.9630041348D-003 -1.6349402563D-002  9.5220588381D-002
  2.1646908411D-001 -1.7550824380D-001 -2.9037435431D-002  3.8321479285D-002
  1.0364557298D-001 -9.4983539922D-002 -4.2522999646D-004  5.9068536397D-003
 -5.8844817509D-003  1.0154181573D-002 -6.5874405204D-003  4.7106304191D-003
 -1.4633268622D-001 -9.3880805480D-002 -4.2484357635D-002 -3.0594108937D-002
  1.4487663583D-001  1.1920239288D-001 -1.4633268627D-001 -9.3880805520D-002
 -4.2484357563D-002 -3.0594108892D-002  1.4487663591D-001  1.1920239293D-001
 -1.4420333688D-012  5.7627756733D-012 -8.9091065796D-012 -2.3044759894D-011
 -1.5535439905D-001 -1.8226154960D-011  2.3871826824D-011  6.0501074636D-011
  4.0038444215D-001  0.0000000000D+000  4.6738689308D-012  1.7728599838D-011
  1.0235821580D-001 -3.1789588323D-012  9.0446886092D-012 -4.5698698731D-012
 -2.6760494862D-012 -3.1954800058D-002  6.8316378079D-003 -1.5030821911D-011
  3.0709753100D-011 -2.2777759090D-011 -3.9290089411D-011  1.5263096550D-001
  6.5730326238D-011 -7.7848565268D-012 -1.7913284571D-011  9.0389158857D-002
 -1.9976279745D-012 -3.8144417095D-012 -1.3639655811D-012 -1.3732771430D-012
  6.9334551536D-003  1.1808529088D-002 -1.5121753097D-002  2.9689270062D-002
 -8.8797716484D-002  2.6054318403D-001 -1.2437965181D-002  3.3095684769D-002
 -3.8031207403D-002  1.2830761198D-001 -8.4460918222D-003  7.1703088244D-003
  6.8101060097D-004 -8.9924823429D-003  1.0136493095D-002 -1.5516981148D-003
  2.6192792646D-003  1.5121753104D-002 -2.9689270075D-002  8.8797716547D-002
 -2.6054318387D-001 -1.2437965292D-002 -3.3095684794D-002  3.8031207430D-002
 -1.2830761192D-001 -8.4460918775D-003 -7.1703088249D-003 -6.8101059818D-004
  8.9924823386D-003 -1.0136493088D-002 -1.5516981180D-003  2.6192792667D-003
 -6.5249004035D-002 -4.8180419641D-002  8.2071689906D-002  5.6806793935D-002
  1.3135359073D-001  8.9273718784D-002  6.5249003943D-002  4.8180419580D-002
 -8.2071689937D-002 -5.6806793962D-002 -1.3135359063D-001 -8.9273718701D-002
  0.0000000000D+000 -4.1354493614D-012 -1.2073286977D-011  3.3919618416D-012
 -2.3227539856D-002  9.9421929023D-012  3.1302963043D-011 -8.6118924492D-012
  5.9285068632D-002  4.8544224196D-012  1.2964858354D-011  0.0000000000D+000
  1.8126969981D-002 -2.9758868980D-012  2.7334089853D-012  0.0000000000D+000
  1.1997178424D-012  2.1648030269D-002  1.9125617835D-002 -1.0071526404D-012
  1.2955517735D-012  1.2826911137D-011 -9.8076317033D-012 -1.5770835285D-002
  7.3196207125D-012  8.5358816369D-012 -4.9973983285D-012 -1.5239143631D-002
  0.0000000000D+000 -1.4619002623D-012  0.0000000000D+000  0.0000000000D+000
  5.1428095633D-004 -1.4038430966D-003 -3.5697564013D-003  7.7765612930D-003
 -3.0843128148D-001 -1.0978723215D-001  7.6694917258D-003  1.0025718437D-002
 -1.6107867603D-001 -5.3949704552D-002  2.3353271959D-003  1.3574621322D-002
 -1.2057536023D-002 -1.4661866796D-003 -8.2092291738D-003 -2.8791204484D-003
 -3.9889098651D-004  3.5697564030D-003 -7.7765612946D-003  3.0843128149D-001
  1.0978723218D-001  7.6694917304D-003 -1.0025718438D-002  1.6107867604D-001
  5.3949704568D-002  2.3353271966D-003 -1.3574621321D-002  1.2057536024D-002
  1.4661866783D-003  8.2092291756D-003 -2.8791204482D-003 -3.9889098767D-004
 -1.1314844172D-002 -7.7820933833D-003  1.8761629043D-001  1.2947657157D-001
 -1.4891801437D-001 -1.1152812207D-001  1.1314844167D-002  7.7820933823D-003
 -1.8761629044D-001 -1.2947657159D-001  1.4891801439D-001  1.1152812209D-001
 -1.1694407651D-002  4.7994943767D-002  3.0278997195D-002 -1.5857357692D-001
  1.2319144403D-011 -1.4590971197D-001 -7.5668663130D-002  4.1898488213D-001
 -3.2256516468D-011 -5.3678326429D-003 -7.1856881155D-002  7.3230273572D-002
 -5.5644829022D-012  4.6592048227D-003 -3.2630048619D-002  3.9501602580D-002
 -2.9716101754D-002  4.0150031737D-012 -3.4575615483D-012 -6.7887106280D-002
  1.4035274053D-001 -3.1518693720D-001 -2.1020491059D-001 -3.6340455385D-012
  2.7673826057D-001 -1.8125988028D-001 -1.0963306674D-001 -3.6640365221D-012
 -1.8089667751D-002 -9.0062886946D-003 -1.0220729195D-003 -1.7286553793D-002
 -1.3096733984D-012  0.0000000000D+000 -2.7746252255D-003  7.9004277507D-003
  9.2924656198D-002 -1.7501936760D-001  2.6527963710D-002  1.1842337750D-002
  5.3168832150D-002 -8.7612824602D-002  9.1892502998D-003 -6.3898667393D-003
 -4.1660043478D-003  1.1087411680D-002 -3.7716619847D-003  1.6815845132D-003
 -5.5710026367D-004 -2.7746252224D-003  7.9004277453D-003  9.2924656216D-002
 -1.7501936760D-001 -2.6527963634D-002  1.1842337732D-002  5.3168832160D-002
 -8.7612824606D-002 -9.1892502573D-003 -6.3898667415D-003 -4.1660043490D-003
  1.1087411683D-002 -3.7716619840D-003 -1.6815845105D-003  5.5710025936D-004
  5.7095956505D-002  4.3270612038D-002 -6.9921666904D-002 -5.7188573087D-002
 -7.7111391605D-002 -7.1308488613D-002  5.7095956557D-002  4.3270612081D-002
 -6.9921666925D-002 -5.7188573107D-002 -7.7111391610D-002 -7.1308488613D-002
  1.0848459446D-012 -4.2037220059D-012 -2.1484958181D-012  1.9096203676D-011
  1.2135275451D-001  1.4763512028D-011  5.3022779310D-012 -5.0787642755D-011
 -3.2008772211D-001 -8.0605279396D-012  9.5775835179D-012 -9.5903285313D-012
 -6.9757483407D-002  0.0000000000D+000  6.2367129690D-012 -7.5815578316D-012
  3.0959653244D-012  3.1615931627D-002 -2.2611526595D-002  7.4369350196D-012
 -1.5700606180D-011  4.1263778778D-011  2.6241080110D-011 -1.3561749816D-001
 -2.9588372252D-011  2.3983136332D-011  1.3590476888D-011 -8.6887832101D-002
  2.2302781909D-012  1.3147032291D-012  0.0000000000D+000  2.1979451408D-012
 -6.1878055535D-003 -1.0515891271D-002 -5.9702772979D-003  8.4576779294D-003
 -2.3595061904D-002  7.9960900465D-002  3.0154848361D-001  5.0812727299D-002
 -1.3504348505D-002  2.2735432288D-002  1.5758874324D-001  6.5351836619D-003
  5.9005939692D-003 -1.2396365998D-002  1.4797388824D-003  7.9168213973D-003
 -1.5182758400D-002  5.9702773000D-003 -8.4576779306D-003  2.3595061888D-002
 -7.9960900417D-002  3.0154848360D-001 -5.0812727307D-002  1.3504348496D-002
 -2.2735432267D-002  1.5758874323D-001 -6.5351836610D-003 -5.9005939695D-003
  1.2396365996D-002 -1.4797388819D-003  7.9168213984D-003 -1.5182758399D-002
 -2.0137276783D-001 -1.7284172991D-001  4.2220511468D-002  2.5916290114D-002
  5.3460730844D-002  4.5100977791D-002  2.0137276782D-001  1.7284172991D-001
 -4.2220511458D-002 -2.5916290109D-002 -5.3460730825D-002 -4.5100977773D-002
  1.0024521048D-002 -4.8784397277D-002 -1.8259210615D-001 -2.1208303948D-002
  2.2686908233D-012  9.4849333515D-002  4.8350368091D-001  6.1289428665D-002
 -5.7699023510D-012  1.4138225466D-001  1.7960778776D-001 -5.9560354639D-002
  0.0000000000D+000 -2.7131655326D-002  7.8580376737D-003  1.1965542332D-002
 -4.1377436317D-002  1.9659300229D-012  0.0000000000D+000 -3.6149922364D-002
  6.9021812105D-002  8.1177626173D-002 -3.9055205930D-001  0.0000000000D+000
  1.6060369925D-001  6.2934268247D-002 -2.3739804361D-001  0.0000000000D+000
  1.0454954087D-002 -3.3015984808D-002 -8.5280407892D-004 -1.2169320511D-003
  0.0000000000D+000  0.0000000000D+000  1.8482658206D-003 -5.2549468079D-003
 -1.3796884056D-001 -1.6968692880D-002  7.6411765018D-003  4.7275746454D-003
 -4.9544715434D-002  8.1885216656D-003  1.8051053976D-002  1.1486151996D-002
 -8.5693000047D-003 -3.8583862730D-003 -7.5333987525D-003  3.5663133680D-003
  2.1684733016D-003  1.8482658201D-003 -5.2549468069D-003 -1.3796884057D-001
 -1.6968692882D-002 -7.6411764958D-003  4.7275746408D-003 -4.9544715438D-002
  8.1885216668D-003 -1.8051053972D-002  1.1486151996D-002 -8.5693000050D-003
 -3.8583862728D-003 -7.5333987530D-003 -3.5663133683D-003 -2.1684733016D-003
 -2.2164073499D-002 -9.5898491927D-003  1.0204674323D-001  1.1074186179D-001
 -6.5999738005D-002 -7.2616305217D-002 -2.2164073498D-002 -9.5898491916D-003
  1.0204674324D-001  1.1074186180D-001 -6.5999738012D-002 -7.2616305224D-002
  0.0000000000D+000  2.6779255896D-012  0.0000000000D+000  4.5387234552D-012
  2.0845168529D-002 -3.8376571886D-012 -2.6694907136D-012 -1.2187976756D-011
 -6.4446651128D-002 -1.8836803645D-011  4.3561057539D-012 -9.3857335098D-012
  1.3005142402D-001 -2.0007869060D-012  2.1926219521D-012  0.0000000000D+000
 -1.0525330607D-012 -1.5899999713D-002 -1.1759023198D-001  2.2756877491D-012
 -3.3868641941D-012  1.7734222734D-011  0.0000000000D+000  5.5708562918D-001
 -9.1622792795D-012  1.4146243855D-011  1.4596914172D-012  4.1883982762D-001
  0.0000000000D+000 -1.1841078248D-012  0.0000000000D+000  0.0000000000D+000
  1.9192520846D-002  2.8479101616D-002 -2.7456536366D-002  4.9022557340D-002
  3.7973994553D-002 -1.3031351362D-001  1.4163180278D-001  2.0793076002D-001
  1.0097169022D-001 -7.1730389682D-002  1.1185374805D-001  1.3416569132D-003
 -4.6307280113D-003  2.8930248790D-003 -5.7187725577D-003  5.4227922820D-003
 -4.7010989904D-003  2.7456536364D-002 -4.9022557334D-002 -3.7973994549D-002
  1.3031351361D-001  1.4163180277D-001 -2.0793076000D-001 -1.0097169022D-001
  7.1730389679D-002  1.1185374803D-001 -1.3416569138D-003  4.6307280109D-003
 -2.8930248788D-003  5.7187725571D-003  5.4227922819D-003 -4.7010989898D-003
 -1.7180633512D-002 -4.7811174183D-002  9.9276942640D-004  1.3176741939D-002
 -5.1913436263D-002 -1.0505522111D-001  1.7180633512D-002  4.7811174185D-002
 -9.9276942842D-004 -1.3176741943D-002  5.1913436264D-002  1.0505522111D-001
 -1.5930320101D-002  8.5026161119D-002  1.1812300198D-001 -1.3629223508D-002
 -4.8970460662D-012 -1.3980715921D-001 -3.2513209262D-001  4.7464371435D-002
  1.3431869766D-011 -4.6034557166D-001 -9.1844360007D-002 -1.5469870887D-001
  1.5292081837D-012 -6.8047920238D-002  7.8642815819D-002  1.6956915450D-002
 -4.6577521944D-002 -1.5050781801D-012  2.7583181778D-012  2.8380833496D-004
  5.8191653404D-003  4.6928344454D-001 -2.2505816332D-001 -1.5289005034D-011
 -1.6605187128D-002  3.6872631913D-001 -1.7523845180D-001 -1.1445534407D-011
  2.2587502882D-002 -1.5750046246D-002  1.9806788715D-003  1.5027913359D-002
  0.0000000000D+000  0.0000000000D+000 -2.8258919477D-002  3.9577391545D-002
  6.6599249210D-002 -1.0042811439D-001  1.0610975531D-001  2.6873886549D-001
  5.8546004137D-002 -4.7150252702D-002  1.7075491222D-001 -9.5637394404D-003
 -2.6227573646D-003  9.3634698233D-003  3.8380690496D-004  3.1432140223D-004
 -2.2938085214D-003 -2.8258919479D-002  3.9577391545D-002  6.6599249210D-002
 -1.0042811440D-001 -1.0610975532D-001  2.6873886550D-001  5.8546004139D-002
 -4.7150252707D-002 -1.7075491223D-001 -9.5637394395D-003 -2.6227573642D-003
  9.3634698228D-003  3.8380690489D-004 -3.1432140263D-004  2.2938085217D-003
  1.4152531554D-002  4.0602823756D-002 -4.4093098532D-002 -1.1225472999D-001
 -2.3030057134D-002 -6.0571223816D-002  1.4152531550D-002  4.0602823749D-002
 -4.4093098531D-002 -1.1225473000D-001 -2.3030057136D-002 -6.0571223819D-002
 -2.1247775403D-012  8.8923831406D-012 -3.2128520222D-012  2.6246069445D-011
 -1.8137023617D-001 -2.8075853274D-011  9.5665447135D-012 -7.7000044795D-011
  5.3130099310D-001 -4.3476416911D-011  7.0825151299D-012 -1.5931739782D-010
  9.8618160273D-001 -1.3810586789D-012 -1.6238204358D-011  2.0407235472D-011
 -1.2845800758D-011  1.1440675929D-001 -7.5332115308D-002  6.6513727306D-012
 -9.7914594184D-012 -3.1771446436D-011 -1.0044223211D-011 -2.3424532465D-001
 -8.1553908212D-011 -4.4563720769D-011 -1.5093111060D-011 -3.0740110843D-001
  2.9621966772D-012  2.6585601125D-012  3.4567271734D-012  0.0000000000D+000
  6.3013672219D-003 -6.7215257959D-003 -7.6640584848D-002  1.1394787964D-001
  7.6374609120D-002 -1.2130290327D-001  1.3786933641D-001  8.9458121264D-001
  9.9626063596D-003 -3.3430651899D-001  2.7502826474D-001 -1.2941123675D-002
 -8.6302590664D-003  6.3333380162D-003  1.1300291687D-002 -4.9160634089D-003
  4.5988492538D-003  7.6640584838D-002 -1.1394787962D-001 -7.6374609097D-002
  1.2130290323D-001  1.3786933637D-001 -8.9458121255D-001 -9.9626063144D-003
  3.3430651890D-001  2.7502826465D-001  1.2941123672D-002  8.6302590718D-003
 -6.3333380231D-003 -1.1300291686D-002 -4.9160634051D-003  4.5988492542D-003
  3.2955957557D-002 -8.0003292111D-002 -5.9313641167D-002 -3.4689452424D-001
  3.2335041890D-004 -5.5237388921D-002 -3.2955957576D-002  8.0003292072D-002
  5.9313641158D-002  3.4689452427D-001 -3.2335039579D-004  5.5237389007D-002
 -3.0683705295D-003  1.5739991576D-002 -2.5264387555D-002 -1.5175552974D-001
 -2.3208979877D-011 -2.3853044669D-002  8.1363969357D-002  4.4382850620D-001
  6.8336115412D-011 -4.3114848087D-002  1.5240705222D-001  1.0919878911D+000
  1.3350199418D-010 -1.3417070292D-002  1.1003559404D-001 -1.0834150720D-001
  1.3644601984D-001  1.9034000938D-011 -8.1112957063D-012 -6.4806229649D-002
  8.7203903068D-002  2.2555920344D-001  1.8512637650D-001 -2.7069856556D-011
  7.6759336972D-001  3.1035707685D-001  2.3899988252D-001 -3.8613499117D-011
 -2.7788111854D-002 -2.1958350243D-002 -3.4937341499D-002  9.7585511833D-003
  1.3832845459D-012  0.0000000000D+000  1.9162828929D-002 -2.4416250012D-002
 -1.3164441521D-002  4.9746579048D-002 -8.0854983214D-002 -2.8208104473D-001
  4.9424384521D-002  2.0233171690D-001 -2.2568528935D-001  1.2291524415D-002
 -2.2748982255D-002  1.4635914834D-002 -4.2609247944D-003  1.2778494905D-002
  6.4622555812D-003  1.9162828951D-002 -2.4416250039D-002 -1.3164441539D-002
  4.9746579080D-002  8.0854983244D-002 -2.8208104500D-001  4.9424384542D-002
  2.0233171700D-001  2.2568528942D-001  1.2291524419D-002 -2.2748982252D-002
  1.4635914833D-002 -4.2609247976D-003 -1.2778494906D-002 -6.4622555799D-003
  4.2771573808D-002  5.8629181865D-002  5.0087538955D-002  1.8906213526D-001
 -8.8805341213D-002 -3.4802513630D-001  4.2771573803D-002  5.8629181904D-002
  5.0087538973D-002  1.8906213539D-001 -8.8805341218D-002 -3.4802513630D-001
 -1.9766525802D-002  6.2150792787D-002 -5.3020339504D-003  1.5075409356D-002
  5.0267786895D-012 -3.1954102178D-001  1.0956660188D-002 -5.3799854245D-002
 -1.6711940859D-011 -8.6785535295D-002  1.7156093739D-001  3.0821724638D-002
 -1.7121040696D-011 -9.1558669516D-003  1.8937319646D-003 -6.9265693662D-003
  2.4736291293D-002  0.0000000000D+000  1.7102458772D-012 -4.8185914991D-003
 -2.0738804781D-002  6.4862847491D-002  3.7901964310D-002  5.4414454713D-012
  1.2422664790D-001  3.6195450363D-002  5.7815347984D-002  6.9712482315D-012
 -1.1908668391D-002 -1.5425210730D-002 -9.5352821718D-003 -3.5349534768D-003
  0.0000000000D+000  0.0000000000D+000  8.1772200337D-002 -9.5741781727D-002
  6.6940781476D-002 -1.4815904049D-001  1.0198696095D-001 -1.3792266811D+000
  1.6178498669D-001 -3.5816584566D-001  3.2626219053D-001  1.0310564651D-002
  3.7666464720D-003  3.2668482785D-003  2.2157564257D-003 -5.3156391184D-003
  1.1762741335D-002  8.1772200336D-002 -9.5741781720D-002  6.6940781488D-002
 -1.4815904049D-001 -1.0198696097D-001 -1.3792266812D+000  1.6178498673D-001
 -3.5816584566D-001 -3.2626219058D-001  1.0310564649D-002  3.7666464702D-003
  3.2668482781D-003  2.2157564263D-003  5.3156391184D-003 -1.1762741336D-002
  3.7907138474D-002  6.0011514429D-001  2.6395541571D-002  7.6780782304D-001
  8.6033372725D-003  8.1890156380D-001  3.7907138479D-002  6.0011514434D-001
  2.6395541565D-002  7.6780782308D-001  8.6033372699D-003  8.1890156376D-001
 -3.9449635165D-002  1.6863037153D-001 -1.0478658525D-001  9.0246437446D-002
  6.6429223233D-012 -4.9683644966D-001  3.3158467420D-001 -2.8880285920D-001
 -2.0367689306D-011 -1.0222763877D+000  5.5018310318D-001 -3.7956904822D-001
 -6.0568536298D-011 -5.3258458623D-002  2.0426263634D-002  2.8354187738D-002
  3.8917534569D-002 -5.2608663953D-012  4.6874494303D-012 -2.7960655963D-002
  4.5372715458D-002 -3.0926153176D-002  2.3333825524D-001  8.4218534924D-012
  2.9559638194D-001 -4.6497868393D-002  2.9647629678D-001  1.3388765791D-011
 -6.0228185754D-003 -7.6877501303D-003 -9.1272023646D-003  4.8174292627D-003
  0.0000000000D+000  0.0000000000D+000 -7.9587580862D-002  1.2092647156D-001
  1.6318221488D-001 -7.2412159582D-002  1.5089598949D-001  8.8978407523D-001
  4.9617034481D-001 -1.9562647879D-001  3.3732773307D-001  1.2267678833D-002
 -7.0434555474D-003 -2.2700171561D-002 -2.9869778526D-003 -4.7013669904D-003
  1.7226092472D-002 -7.9587580873D-002  1.2092647156D-001  1.6318221489D-001
 -7.2412159602D-002 -1.5089598949D-001  8.8978407537D-001  4.9617034482D-001
 -1.9562647886D-001 -3.3732773307D-001  1.2267678832D-002 -7.0434555469D-003
 -2.2700171559D-002 -2.9869778501D-003  4.7013669907D-003 -1.7226092472D-002
 -2.8479618769D-002 -2.9872330032D-001  5.5366129634D-002  3.5401047755D-001
 -2.9378983578D-002 -5.0156724864D-001 -2.8479618772D-002 -2.9872330040D-001
  5.5366129628D-002  3.5401047752D-001 -2.9378983576D-002 -5.0156724863D-001
 -2.9451802395D-003  1.2496687358D-002 -1.1555277368D-002  7.0068496949D-003
  0.0000000000D+000 -3.8684680415D-002  2.7963575570D-002 -7.2256418257D-003
 -1.3246070907D-012 -7.7105020831D-002  1.2150193175D-001 -4.2523040754D-001
  9.0621260496D-012  1.6140777251D-002  5.6772659082D-002 -7.0027099764D-002
 -4.7745689350D-002 -1.0048194915D-012  0.0000000000D+000  5.1497585632D-003
  1.9339057279D-002 -6.9259115957D-002  7.2080167780D-002 -3.5021052898D-012
 -1.5523834462D-001 -9.6405125880D-002  4.9190531521D-002 -3.5307425386D-012
  1.0927298867D-002  1.0856759370D-002  9.2612778057D-003 -1.8403371223D-003
  0.0000000000D+000  0.0000000000D+000  1.1391837717D-002 -4.1486289077D-002
 -3.5356729208D-002  1.7683664928D-001  1.4711680493D-001 -4.1016753914D-002
 -1.4457213729D-001  6.1449764746D-001  6.7158904822D-001 -1.3649544609D-002
 -8.5127809947D-003  1.9349395097D-002 -3.1474559872D-003 -6.1881142934D-003
  1.1780107371D-002  1.1391837725D-002 -4.1486289087D-002 -3.5356729217D-002
  1.7683664926D-001 -1.4711680495D-001 -4.1016754046D-002 -1.4457213733D-001
  6.1449764744D-001 -6.7158904826D-001 -1.3649544607D-002 -8.5127809921D-003
  1.9349395094D-002 -3.1474559863D-003  6.1881142919D-003 -1.1780107370D-002
  1.0876794500D-001  1.2172324190D+000 -5.3904403745D-002 -3.0468369919D-001
 -5.7033234747D-002 -6.0485793538D-001  1.0876794500D-001  1.2172324191D+000
 -5.3904403741D-002 -3.0468369918D-001 -5.7033234739D-002 -6.0485793527D-001
  2.1125293722D-002 -8.7555639886D-002  5.6846466727D-002 -6.7911231282D-003
  1.0636003580D-011  2.7462950636D-001 -1.6831028760D-001  3.4258349405D-002
 -3.2938437568D-011  5.7206205540D-001 -7.4246763250D-001 -3.4469855013D-001
 -2.8054426837D-011 -1.3350265327D-002 -1.5111098169D-002  4.4029388703D-002
 -2.9949273189D-002 -7.4406470568D-012  3.3014970965D-012  3.9964719682D-002
 -1.3473276682D-002 -2.0442045635D-002 -1.2262887780D-001  0.0000000000D+000
 -6.2493763747D-001 -7.0480782253D-002 -2.3614115124D-001  5.8726001492D-012
  3.1232340708D-002  2.5536458497D-002  2.8350103257D-002 -4.4229157700D-003
  0.0000000000D+000  0.0000000000D+000  3.4034569091D-002 -4.7637577690D-002
  2.4015657108D-001  1.4402101518D-001 -7.0021607803D-002 -3.8786963846D-001
  7.5391363783D-001  4.7761288657D-001 -2.4014460363D-001 -1.4479351785D-003
  7.6812184154D-003  3.7261423786D-003 -1.6533841033D-003 -4.9287477165D-003
 -1.5995471231D-002  3.4034569116D-002 -4.7637577707D-002  2.4015657108D-001
  1.4402101512D-001  7.0021607746D-002 -3.8786963892D-001  7.5391363784D-001
  4.7761288644D-001  2.4014460353D-001 -1.4479351777D-003  7.6812184181D-003
  3.7261423805D-003 -1.6533840991D-003  4.9287477184D-003  1.5995471230D-002
 -2.1326444984D-002 -4.6547729368D-002  2.1092604480D-002  1.0352554783D+000
  1.3443986961D-003 -7.2904461018D-001 -2.1326444978D-002 -4.6547729143D-002
  2.1092604476D-002  1.0352554785D+000  1.3443987212D-003 -7.2904460983D-001
  3.1624552694D-012 -1.2916089205D-011  8.4154771910D-012 -1.8941267825D-012
 -7.2998600917D-002  4.1617008451D-011 -2.5697301058D-011  9.1271365466D-012
  2.4143597245D-001  9.4311752852D-011 -1.0977472403D-010 -5.6029361706D-011
  6.5310870993D-002 -1.5190392347D-012  0.0000000000D+000  5.0387454625D-012
 -5.1429628785D-012  3.9150493509D-002 -2.1742975679D-002  5.9315257784D-012
  0.0000000000D+000 -4.4109692570D-012 -1.5045159129D-011  1.6018185471D-002
 -9.6770064401D-011 -1.1967780499D-011 -3.3785167372D-011 -1.6100364363D-002
  4.9692181793D-012  4.1093218238D-012  4.5507436795D-012  0.0000000000D+000
  6.4193267650D-003  2.0483461862D-003  7.4179677917D-002 -7.2742687276D-002
 -1.5868078423D-002 -9.9778452668D-002  2.5385045930D-001 -1.4205721256D+000
 -1.2458257701D-001 -2.4554206762D-001  5.3037426570D-001  6.6623348044D-003
  8.9168937077D-003  3.5960095469D-003  8.5387362583D-003 -3.6021615629D-003
  5.1454404568D-003 -7.4179677903D-002  7.2742687253D-002  1.5868078484D-002
  9.9778452720D-002  2.5385045931D-001  1.4205721255D+000  1.2458257721D-001
  2.4554206782D-001  5.3037426574D-001 -6.6623348053D-003 -8.9168937057D-003
 -3.5960095420D-003 -8.5387362594D-003 -3.6021615599D-003  5.1454404604D-003
  3.6111898381D-002  1.0790504602D+000  1.3084533485D-002  3.5065107690D-001
  6.0773491874D-002  8.9633603964D-001 -3.6111898377D-002 -1.0790504601D+000
 -1.3084533480D-002 -3.5065107662D-001 -6.0773491880D-002 -8.9633603987D-001
  0.0000000000D+000  1.1070953182D-012  0.0000000000D+000 -2.2008172194D-012
 -4.4668372475D-002 -1.4406482951D-011  1.2027757262D-012  5.3883043860D-012
  1.6528083796D-001  1.8552159808D-011  1.4955092720D-011  5.1296994430D-011
 -2.3016135344D-001  0.0000000000D+000 -2.3040319652D-012  0.0000000000D+000
  4.2360255928D-012 -6.6006456124D-002 -3.7357484968D-002 -1.7390158324D-012
 -1.2300256300D-012  7.1694599042D-012  0.0000000000D+000 -9.0278094343D-002
  3.0967318336D-011  9.3476927587D-012  3.7308194728D-012 -3.4729135478D-002
 -2.0829566370D-012 -1.7240250026D-012 -1.7436187043D-012  0.0000000000D+000
 -9.4579175451D-004  1.1161092939D-002 -1.0662351217D-002  3.8329646251D-002
  1.1268135281D-001  2.1462904094D-001  1.5590476082D-001 -5.5955095713D-003
  4.1762770099D-001  7.9514139134D-001  4.2970628373D-001  1.2116830228D-002
 -1.2601244181D-002  1.8967702090D-003 -9.3283606887D-003 -8.5475318616D-004
  8.2541286113D-003  1.0662351222D-002 -3.8329646254D-002 -1.1268135282D-001
 -2.1462904094D-001  1.5590476082D-001  5.5955094858D-003 -4.1762770105D-001
 -7.9514139142D-001  4.2970628377D-001 -1.2116830226D-002  1.2601244179D-002
 -1.8967702084D-003  9.3283606877D-003 -8.5475318625D-004  8.2541286099D-003
  4.9384246907D-002  8.1589959516D-001  5.5033188475D-002  3.7250299604D-001
 -9.6173582717D-002 -1.2649800878D+000 -4.9384246908D-002 -8.1589959517D-001
 -5.5033188471D-002 -3.7250299608D-001  9.6173582719D-002  1.2649800879D+000
  0.0000000000D+000  0.0000000000D+000  0.0000000000D+000  0.0000000000D+000
 -5.3038204751D-002  1.3477097043D-012  1.1320964240D-012  0.0000000000D+000
  1.6624028278D-001  5.7170518319D-012 -1.1205986659D-011 -6.1235010118D-012
  3.6471779072D-001  0.0000000000D+000  0.0000000000D+000  1.1412183047D-012
  1.1088266807D-012 -3.1075942941D-002 -5.1113103955D-002  0.0000000000D+000
  0.0000000000D+000  0.0000000000D+000  0.0000000000D+000 -9.4340894014D-002
 -6.4793297138D-012  0.0000000000D+000 -1.6950145714D-012 -1.0215747921D-001
  0.0000000000D+000  0.0000000000D+000  0.0000000000D+000  0.0000000000D+000
  5.4888070654D-003  2.2709857397D-003  2.4834823959D-002 -4.0111841354D-002
  2.5225475537D-001 -1.2490559947D-001 -7.3850795312D-002 -4.1042366308D-001
  8.7606672508D-001 -3.6387398336D-001 -3.0805896681D-001  1.7886783633D-002
 -1.3427049509D-002 -1.8601987636D-003  1.2717788499D-003  3.7543404590D-004
  1.5022117169D-003 -2.4834823957D-002  4.0111841342D-002 -2.5225475534D-001
  1.2490559947D-001 -7.3850795306D-002  4.1042366307D-001 -8.7606672505D-001
  3.6387398339D-001 -3.0805896681D-001 -1.7886783629D-002  1.3427049509D-002
  1.8601987614D-003 -1.2717788512D-003  3.7543404449D-004  1.5022117180D-003
 -3.8737313742D-002 -6.2281551885D-001  1.0463075338D-001  1.4401886075D+000
 -2.3790593158D-002  8.5970298303D-002  3.8737313739D-002  6.2281551885D-001
 -1.0463075336D-001 -1.4401886075D+000  2.3790593156D-002 -8.5970298347D-002
 -3.1034711672D-002  3.8026255491D-002  2.3003856081D-001 -1.0343527156D-001
  5.7318423147D-012 -7.1304712602D-001 -9.3913830952D-001  4.0776481694D-001
 -2.4091631359D-011  9.2263678764D-001  1.0451629901D+000 -4.4020283548D-001
  4.5817510810D-011  9.3073096663D-002 -7.5029000440D-002 -7.5232276885D-002
 -1.0123081162D-002  0.0000000000D+000 -3.3569175001D-012  5.1062340881D-003
 -3.7244422384D-002  4.6993393912D-002  6.6570342370D-003 -1.2713573141D-012
 -5.2230177651D-002 -9.9625025050D-002  3.5581802436D-002 -5.0586763511D-012
 -3.5495881051D-002  1.3299254362D-002 -6.5116381163D-003 -2.7470527065D-002
  0.0000000000D+000  0.0000000000D+000  7.0435050425D-004 -4.7339966928D-002
  1.1421923227D-002  7.9307603779D-002 -9.4075013901D-002  2.4879464331D-001
 -8.0546223416D-002  1.8423575594D-002 -7.8643631935D-002 -5.1954744746D-003
 -5.3347950121D-003  2.0131048622D-003  3.0654559863D-003 -3.0081952888D-003
 -1.9198804259D-002  7.0435050306D-004 -4.7339966917D-002  1.1421923223D-002
  7.9307603774D-002  9.4075013901D-002  2.4879464330D-001 -8.0546223412D-002
  1.8423575611D-002  7.8643631950D-002 -5.1954744735D-003 -5.3347950122D-003
  2.0131048617D-003  3.0654559869D-003  3.0081952904D-003  1.9198804257D-002
 -5.7043325180D-002 -1.8479500763D-001 -2.0912940296D-002  7.8826801160D-002
 -1.6299979931D-002 -1.0544932905D-001 -5.7043325184D-002 -1.8479500765D-001
 -2.0912940294D-002  7.8826801154D-002 -1.6299979932D-002 -1.0544932907D-001
GEOMETRY2
 16        0.83047501805500       -0.45922916240200       -0.00000000000000
  8       -0.73127337611600       -2.85029540383000       -0.00000000000000
  6       -0.34031947298300        1.55375883402000       -2.57622085904000
  6       -0.34031947298300        1.55375883402000        2.57622085904000
  1        0.11318482761700        0.59283767778100       -4.34668188253000
  1       -2.39033288212000        1.76495346768000       -2.41019592361000
  1        0.60035825241800        3.39467076496000       -2.51744189443000
  1        0.11318482761700        0.59283767778100        4.34668188253000
  1       -2.39033288212000        1.76495346768000        2.41019592361000
  1        0.60035825241800        3.39467076496000        2.51744189443000
HESSIAN 6-31G(d)
  30
  3.7373847309D-001
  1.3569719009D-001  4.6450546923D-001
 -1.9773885492D-011 -1.8992965001D-011  2.6893376896D-001
 -1.9668976063D-001 -2.0480706863D-001  9.8448193485D-012  1.5767903699D-001
 -1.7087260945D-001 -3.1538306358D-001  1.8268721198D-011  1.9874030152D-001
  3.5760037287D-001
  1.1613834117D-011  2.0175269293D-011 -5.1568591441D-002 -7.8630193740D-012
 -1.8041807355D-011  3.5214811848D-002
 -8.3929949662D-002  3.0352614335D-002 -5.5352030444D-002  1.6969178088D-002
 -1.6285455497D-002  1.8310386563D-002  5.4995128516D-001
  7.4530018331D-003 -6.8572505608D-002  2.3251059540D-002  5.5365202052D-003
 -2.0879864399D-002  1.6919790224D-002  4.6634806044D-002  5.0339893235D-001
 -1.0270758563D-002  1.8848525738D-002 -8.5922427488D-002 -1.6597036753D-003
 -1.2270719553D-003  6.7661001173D-003 -5.4643493119D-002  1.0131329391D-001
  4.4463247508D-001
 -8.3929949662D-002  3.0352614335D-002  5.5352030446D-002  1.6969178091D-002
 -1.6285455490D-002 -1.8310386561D-002  4.7224563674D-003 -3.0377560820D-003
 -1.1175187059D-002  5.4995128513D-001
  7.4530018382D-003 -6.8572505589D-002 -2.3251059538D-002  5.5365202017D-003
 -2.0879864398D-002 -1.6919790226D-002 -3.0377560810D-003  1.2673030245D-002
  1.1872127476D-002  4.6634806055D-002  5.0339893230D-001
  1.0270758567D-002 -1.8848525742D-002 -8.5922427482D-002  1.6597036756D-003
  1.2270719550D-003  6.7661001114D-003  1.1175187061D-002 -1.1872127478D-002
 -2.2095247137D-002  5.4643493112D-002 -1.0131329391D-001  4.4463247505D-001
  1.7858020921D-003 -5.6498948598D-003 -9.1668308974D-003 -5.3355458722D-004
 -3.7132516260D-004  7.4553273860D-004 -6.2799045458D-002  2.8217175106D-002
  5.3413987589D-002 -1.0852024069D-003  1.8288966249D-003 -1.7765507316D-003
  6.2966525896D-002
 -3.3989884935D-003  7.6997544900D-003  1.5785579670D-002 -1.9221737805D-004
  7.5883669511D-004 -1.9988712689D-003  2.7460092108D-002 -1.0817105493D-001
 -1.1297897605D-001  1.6960820923D-003 -2.9358917257D-003  3.4437211904D-003
 -3.2720542448D-002  1.1385153252D-001
  3.4954980999D-003 -1.1026209777D-002 -1.7926644502D-002  8.5442726760D-004
  1.1370294602D-003  2.8777769033D-003  5.5882577892D-002 -1.1538544668D-001
 -2.5050073568D-001 -2.8104226199D-003  3.7815840694D-003 -3.9366393221D-003
 -5.7092498750D-002  1.2168352272D-001  2.6757524827D-001
 -1.0646386438D-002  2.2787427504D-003 -2.8161597929D-003  3.0429839097D-003
  4.8357784536D-004  1.0796256307D-003 -3.1936449946D-001  2.4802942869D-002
  2.8396642554D-002  1.3844953304D-003 -7.8469035294D-004  9.2717741288D-004
 -4.6528833919D-003 -1.5270038693D-004 -2.2361563122D-004  3.3951436745D-001
  2.1121274420D-002 -3.2700014617D-003  6.1812381055D-003 -4.3025698682D-003
  1.9091811343D-003 -3.0306313531D-003  2.7690759583D-002 -5.0643661873D-002
 -6.8447482717D-003 -1.0858774622D-003 -3.6742467992D-004 -1.7559575206D-003
  1.5012476419D-002 -1.2822742338D-003 -3.4375430493D-004 -2.8986078842D-002
  4.7210461960D-002
 -2.9019397941D-002  6.8675115417D-003 -8.5426692340D-003  5.2731006135D-003
 -2.9850956241D-003  2.9911013481D-003  2.3372618231D-002 -5.0080031452D-003
 -4.5921971133D-002 -9.9820865030D-004 -8.5398400010D-005  2.4303942018D-003
  2.8161951556D-002 -1.9356254727D-003 -1.4815811798D-004 -2.7534303820D-002
  3.6732865083D-003  4.9928069319D-002
  4.2661777789D-003  7.5734770487D-003  3.5140140102D-003  2.6754403172D-005
  2.2393567793D-003 -2.6830242314D-003 -1.0567234473D-001 -1.1009152154D-001
 -4.6461070952D-003 -1.7637322150D-004 -5.5937471657D-004  2.6475394175D-004
  3.1780539695D-003  7.5318347564D-003 -3.8525299591D-004 -1.0052184455D-002
 -2.8899855711D-002 -6.9224725856D-004  1.0806456323D-001
 -7.5875780769D-003 -1.0418450219D-002 -3.6077164055D-003  1.9916505960D-003
 -2.8968081060D-003  3.4192272134D-003 -1.1310236760D-001 -2.6489022743D-001
 -1.0218471085D-002 -3.2289752673D-004  3.8866805875D-004 -9.2308389205D-004
 -6.1266931451D-003 -1.1077403796D-002  1.0041660915D-003  2.7807430101D-003
  6.0319533862D-003 -2.8811035032D-004  1.2194226373D-001  2.8185072751D-001
  1.2725148650D-002  1.5457887116D-002  3.7091524427D-003 -2.7707773931D-003
  5.9025751191D-003 -4.4580885693D-003 -2.3697852768D-003 -6.9838086087D-003
 -4.5863380131D-002  1.8409217234D-004 -1.4614278949D-003  4.1143149919D-004
 -1.3579436090D-002 -2.5073480142D-002  2.2080433091D-003  1.1232607617D-003
  2.1875578836D-003 -5.9674541136D-004  4.6861761394D-003  1.0251183315D-002
  4.5821807904D-002
  1.7858020938D-003 -5.6498948579D-003  9.1668308974D-003 -5.3355458709D-004
 -3.7132516391D-004 -7.4553274057D-004 -1.0852024079D-003  1.8288966241D-003
  1.7765507304D-003 -6.2799045433D-002  2.8217175118D-002 -5.3413987595D-002
  9.3716885091D-004 -5.1233493036D-004  6.8248053008D-004  3.2565122105D-004
  4.7028644014D-005  2.8110305070D-004 -1.2251618658D-004  2.7521375175D-004
 -2.5742816570D-004  6.2966525873D-002
 -3.3989884947D-003  7.6997544883D-003 -1.5785579665D-002 -1.9221737811D-004
  7.5883669409D-004  1.9988712690D-003  1.6960820918D-003 -2.9358917245D-003
 -3.4437211903D-003  2.7460092119D-002 -1.0817105491D-001  1.1297897606D-001
 -5.1233493030D-004  1.2690098802D-003 -1.1757815724D-003  5.8255197538D-005
 -2.9110660581D-004  1.6523280165D-004  2.3051948203D-004  1.7859770667D-004
 -6.3580587310D-005 -3.2720542454D-002  1.1385153249D-001
 -3.4954981032D-003  1.1026209786D-002 -1.7926644494D-002 -8.5442726855D-004
 -1.1370294648D-003  2.8777769015D-003  2.8104226207D-003 -3.7815840701D-003
 -3.9366393264D-003 -5.5882577898D-002  1.1538544668D-001 -2.5050073569D-001
 -6.8248053020D-004  1.1757815727D-003 -1.0212241921D-003  2.6406133662D-004
 -3.0140606051D-004  5.0665036162D-004  1.3913245736D-004 -2.3483931011D-005
  3.6568296891D-004  5.7092498764D-002 -1.2168352273D-001  2.6757524829D-001
 -1.0646386450D-002  2.2787427502D-003  2.8161597962D-003  3.0429839145D-003
  4.8357784628D-004 -1.0796256331D-003  1.3844953320D-003 -7.8469035326D-004
 -9.2717741515D-004 -3.1936449947D-001  2.4802942866D-002 -2.8396642546D-002
  3.2565122103D-004  5.8255197552D-005 -2.6406133614D-004  4.4412129402D-004
 -4.6999249971D-004  1.1046510384D-003  4.3345433930D-006 -1.0799589767D-005
  1.1203741632D-004 -4.6528833927D-003 -1.5270038679D-004  2.2361563308D-004
  3.3951436746D-001
  2.1121274428D-002 -3.2700014674D-003 -6.1812381086D-003 -4.3025698702D-003
  1.9091811378D-003  3.0306313546D-003 -1.0858774628D-003 -3.6742467981D-004
  1.7559575212D-003  2.7690759584D-002 -5.0643661853D-002  6.8447482652D-003
  4.7028644195D-005 -2.9110660583D-004  3.0140606075D-004 -4.6999249923D-004
  6.8936130502D-004 -2.7263000644D-004 -1.2716468315D-004  1.3511069316D-005
  3.8214992320D-005  1.5012476414D-002 -1.2822742339D-003  3.4375430917D-004
 -2.8986078838D-002  4.7210461946D-002
  2.9019397955D-002 -6.8675115462D-003 -8.5426692333D-003 -5.2731006181D-003
  2.9850956281D-003  2.9911013488D-003  9.9820864852D-004  8.5398401835D-005
  2.4303942025D-003 -2.3372618226D-002  5.0080031416D-003 -4.5921971116D-002
 -2.8110305020D-004 -1.6523280227D-004  5.0665036082D-004 -1.1046510379D-003
  2.7263000663D-004 -4.6983009996D-004 -5.0733180141D-005  1.3116785209D-004
 -1.7684123572D-004 -2.8161951557D-002  1.9356254752D-003 -1.4815812393D-004
  2.7534303809D-002 -3.6732865080D-003  4.9928069304D-002
  4.2661777778D-003  7.5734770490D-003 -3.5140140043D-003  2.6754403423D-005
  2.2393567786D-003  2.6830242301D-003 -1.7637322145D-004 -5.5937471582D-004
 -2.6475394257D-004 -1.0567234473D-001 -1.1009152156D-001  4.6461070974D-003
 -1.2251618672D-004  2.3051948225D-004 -1.3913245740D-004  4.3345428620D-006
 -1.2716468338D-004  5.0733179960D-005  4.8353466602D-004  1.6046484918D-004
  1.4671178663D-004  3.1780539670D-003  7.5318347532D-003  3.8525298848D-004
 -1.0052184463D-002 -2.8899855716D-002  6.9224725678D-004  1.0806456324D-001
 -7.5875780821D-003 -1.0418450227D-002  3.6077164038D-003  1.9916506009D-003
 -2.8968081062D-003 -3.4192272155D-003 -3.2289752734D-004  3.8866806193D-004
  9.2308389332D-004 -1.1310236763D-001 -2.6489022744D-001  1.0218471086D-002
  2.7521375171D-004  1.7859770637D-004  2.3483930911D-005 -1.0799589724D-005
  1.3511069248D-005 -1.3116785325D-004  1.6046484924D-004  8.1943182546D-004
 -2.5512119241D-004 -6.1266931461D-003 -1.1077403790D-002 -1.0041660944D-003
  2.7807430092D-003  6.0319533825D-003  2.8811035083D-004  1.2194226376D-001
  2.8185072752D-001
 -1.2725148656D-002 -1.5457887120D-002  3.7091524469D-003  2.7707773971D-003
 -5.9025751183D-003 -4.4580885724D-003 -1.8409217249D-004  1.4614278970D-003
  4.1143150076D-004  2.3697852779D-003  6.9838086098D-003 -4.5863380107D-002
  2.5742816582D-004  6.3580586685D-005  3.6568296846D-004 -1.1203741619D-004
 -3.8214992490D-005 -1.7684123598D-004 -1.4671178690D-004  2.5512119198D-004
 -1.4210627784D-003  1.3579436086D-002  2.5073480136D-002  2.2080433026D-003
 -1.1232607604D-003 -2.1875578808D-003 -5.9674540898D-004 -4.6861761358D-003
 -1.0251183310D-002  4.5821807883D-002
