External AB INITIO PROGRAM: converted archive file
Jobname.Temp
  11  87  32  79   0   1  30   0 RB3LYP   6-31G(d)        NOOPTOPT FREQ        
GEOMETRY
  6     1.2653593     0.1977724    -0.0891202
  6    -1.3609885     1.0554189    -0.9072357
  1    -1.3862665     3.1115707    -0.7293101
  1    -1.5957386     0.6094174    -2.9226821
  6    -3.5282840    -0.1287499     0.6248478
  1    -3.3079757     0.2516530     2.6464982
  1    -3.6475588    -2.1848215     0.3804792
  1    -5.3432306     0.6574767     0.0207091
  8     2.9458493     1.6040919     0.5258991
  8     1.6638449    -2.3497056    -0.0921151
  1     0.1466958    -3.2270353    -0.6369180
BASIS
   0   6   1   1   0
   1   3   7   1   0
   1   1  10   1   0
   2   1  11   1   0
   0   6  12   2   0
   1   3  18   2   0
   1   1  21   2   0
   2   1  22   2   0
   0   3  23   3   0
   0   1  26   3   0
   0   3  27   4   0
   0   1  30   4   0
   0   6  31   5   0
   1   3  37   5   0
   1   1  40   5   0
   2   1  41   5   0
   0   3  42   6   0
   0   1  45   6   0
   0   3  46   7   0
   0   1  49   7   0
   0   3  50   8   0
   0   1  53   8   0
   0   6  54   9   0
   1   3  60   9   0
   1   1  63   9   0
   2   1  64   9   0
   0   6  65  10   0
   1   3  71  10   0
   1   1  74  10   0
   2   1  75  10   0
   0   3  76  11   0
   0   1  79  11   0
  3.0475249000D+003
  5.3633438234D-001  0.0000000000D+000  0.0000000000D+000  0.0000000000D+000
  4.5736951000D+002
  9.8945060758D-001  0.0000000000D+000  0.0000000000D+000  0.0000000000D+000
  1.0394869000D+002
  1.5972822308D+000  0.0000000000D+000  0.0000000000D+000  0.0000000000D+000
  2.9210155000D+001
  2.0791870615D+000  0.0000000000D+000  0.0000000000D+000  0.0000000000D+000
  9.2866630000D+000
  1.7741742532D+000  0.0000000000D+000  0.0000000000D+000  0.0000000000D+000
  3.1639270000D+000
  6.1257982601D-001  0.0000000000D+000  0.0000000000D+000  0.0000000000D+000
  7.8682724000D+000
 -3.9955635160D-001  1.2960827175D+000  0.0000000000D+000  0.0000000000D+000
  1.8812885000D+000
 -1.8415523929D-001  9.9375362822D-001  0.0000000000D+000  0.0000000000D+000
  5.4424930000D-001
  5.1639037938D-001  4.9595271376D-001  0.0000000000D+000  0.0000000000D+000
  1.6871440000D-001
  1.8761787212D-001  1.5412755095D-001  0.0000000000D+000  0.0000000000D+000
  8.0000000000D-001
  0.0000000000D+000  0.0000000000D+000  1.1138249281D+000  0.0000000000D+000
  3.0475249000D+003
  5.3633438234D-001  0.0000000000D+000  0.0000000000D+000  0.0000000000D+000
  4.5736951000D+002
  9.8945060758D-001  0.0000000000D+000  0.0000000000D+000  0.0000000000D+000
  1.0394869000D+002
  1.5972822308D+000  0.0000000000D+000  0.0000000000D+000  0.0000000000D+000
  2.9210155000D+001
  2.0791870615D+000  0.0000000000D+000  0.0000000000D+000  0.0000000000D+000
  9.2866630000D+000
  1.7741742532D+000  0.0000000000D+000  0.0000000000D+000  0.0000000000D+000
  3.1639270000D+000
  6.1257982601D-001  0.0000000000D+000  0.0000000000D+000  0.0000000000D+000
  7.8682724000D+000
 -3.9955635160D-001  1.2960827175D+000  0.0000000000D+000  0.0000000000D+000
  1.8812885000D+000
 -1.8415523929D-001  9.9375362822D-001  0.0000000000D+000  0.0000000000D+000
  5.4424930000D-001
  5.1639037938D-001  4.9595271376D-001  0.0000000000D+000  0.0000000000D+000
  1.6871440000D-001
  1.8761787212D-001  1.5412755095D-001  0.0000000000D+000  0.0000000000D+000
  8.0000000000D-001
  0.0000000000D+000  0.0000000000D+000  1.1138249281D+000  0.0000000000D+000
  1.8731137000D+001
  2.1493541833D-001  0.0000000000D+000  0.0000000000D+000  0.0000000000D+000
  2.8253937000D+000
  3.6457112721D-001  0.0000000000D+000  0.0000000000D+000  0.0000000000D+000
  6.4012170000D-001
  4.1505142766D-001  0.0000000000D+000  0.0000000000D+000  0.0000000000D+000
  1.6127780000D-001
  1.8138068393D-001  0.0000000000D+000  0.0000000000D+000  0.0000000000D+000
  1.8731137000D+001
  2.1493541833D-001  0.0000000000D+000  0.0000000000D+000  0.0000000000D+000
  2.8253937000D+000
  3.6457112721D-001  0.0000000000D+000  0.0000000000D+000  0.0000000000D+000
  6.4012170000D-001
  4.1505142766D-001  0.0000000000D+000  0.0000000000D+000  0.0000000000D+000
  1.6127780000D-001
  1.8138068393D-001  0.0000000000D+000  0.0000000000D+000  0.0000000000D+000
  3.0475249000D+003
  5.3633438234D-001  0.0000000000D+000  0.0000000000D+000  0.0000000000D+000
  4.5736951000D+002
  9.8945060758D-001  0.0000000000D+000  0.0000000000D+000  0.0000000000D+000
  1.0394869000D+002
  1.5972822308D+000  0.0000000000D+000  0.0000000000D+000  0.0000000000D+000
  2.9210155000D+001
  2.0791870615D+000  0.0000000000D+000  0.0000000000D+000  0.0000000000D+000
  9.2866630000D+000
  1.7741742532D+000  0.0000000000D+000  0.0000000000D+000  0.0000000000D+000
  3.1639270000D+000
  6.1257982601D-001  0.0000000000D+000  0.0000000000D+000  0.0000000000D+000
  7.8682724000D+000
 -3.9955635160D-001  1.2960827175D+000  0.0000000000D+000  0.0000000000D+000
  1.8812885000D+000
 -1.8415523929D-001  9.9375362822D-001  0.0000000000D+000  0.0000000000D+000
  5.4424930000D-001
  5.1639037938D-001  4.9595271376D-001  0.0000000000D+000  0.0000000000D+000
  1.6871440000D-001
  1.8761787212D-001  1.5412755095D-001  0.0000000000D+000  0.0000000000D+000
  8.0000000000D-001
  0.0000000000D+000  0.0000000000D+000  1.1138249281D+000  0.0000000000D+000
  1.8731137000D+001
  2.1493541833D-001  0.0000000000D+000  0.0000000000D+000  0.0000000000D+000
  2.8253937000D+000
  3.6457112721D-001  0.0000000000D+000  0.0000000000D+000  0.0000000000D+000
  6.4012170000D-001
  4.1505142766D-001  0.0000000000D+000  0.0000000000D+000  0.0000000000D+000
  1.6127780000D-001
  1.8138068393D-001  0.0000000000D+000  0.0000000000D+000  0.0000000000D+000
  1.8731137000D+001
  2.1493541833D-001  0.0000000000D+000  0.0000000000D+000  0.0000000000D+000
  2.8253937000D+000
  3.6457112721D-001  0.0000000000D+000  0.0000000000D+000  0.0000000000D+000
  6.4012170000D-001
  4.1505142766D-001  0.0000000000D+000  0.0000000000D+000  0.0000000000D+000
  1.6127780000D-001
  1.8138068393D-001  0.0000000000D+000  0.0000000000D+000  0.0000000000D+000
  1.8731137000D+001
  2.1493541833D-001  0.0000000000D+000  0.0000000000D+000  0.0000000000D+000
  2.8253937000D+000
  3.6457112721D-001  0.0000000000D+000  0.0000000000D+000  0.0000000000D+000
  6.4012170000D-001
  4.1505142766D-001  0.0000000000D+000  0.0000000000D+000  0.0000000000D+000
  1.6127780000D-001
  1.8138068393D-001  0.0000000000D+000  0.0000000000D+000  0.0000000000D+000
  5.4846717000D+003
  8.3173520885D-001  0.0000000000D+000  0.0000000000D+000  0.0000000000D+000
  8.2523495000D+002
  1.5308074829D+000  0.0000000000D+000  0.0000000000D+000  0.0000000000D+000
  1.8804696000D+002
  2.4771490916D+000  0.0000000000D+000  0.0000000000D+000  0.0000000000D+000
  5.2964500000D+001
  3.2562802462D+000  0.0000000000D+000  0.0000000000D+000  0.0000000000D+000
  1.6897570000D+001
  2.7928936336D+000  0.0000000000D+000  0.0000000000D+000  0.0000000000D+000
  5.7996353000D+000
  9.5493769626D-001  0.0000000000D+000  0.0000000000D+000  0.0000000000D+000
  1.5539616000D+001
 -6.1793369763D-001  3.1169455889D+000  0.0000000000D+000  0.0000000000D+000
  3.5999336000D+000
 -2.7572100882D-001  2.4014372483D+000  0.0000000000D+000  0.0000000000D+000
  1.0137618000D+000
  8.1420764273D-001  1.0543605133D+000  0.0000000000D+000  0.0000000000D+000
  2.7000580000D-001
  2.6695613886D-001  2.7743193731D-001  0.0000000000D+000  0.0000000000D+000
  8.0000000000D-001
  0.0000000000D+000  0.0000000000D+000  1.1138249281D+000  0.0000000000D+000
  5.4846717000D+003
  8.3173520885D-001  0.0000000000D+000  0.0000000000D+000  0.0000000000D+000
  8.2523495000D+002
  1.5308074829D+000  0.0000000000D+000  0.0000000000D+000  0.0000000000D+000
  1.8804696000D+002
  2.4771490916D+000  0.0000000000D+000  0.0000000000D+000  0.0000000000D+000
  5.2964500000D+001
  3.2562802462D+000  0.0000000000D+000  0.0000000000D+000  0.0000000000D+000
  1.6897570000D+001
  2.7928936336D+000  0.0000000000D+000  0.0000000000D+000  0.0000000000D+000
  5.7996353000D+000
  9.5493769626D-001  0.0000000000D+000  0.0000000000D+000  0.0000000000D+000
  1.5539616000D+001
 -6.1793369763D-001  3.1169455889D+000  0.0000000000D+000  0.0000000000D+000
  3.5999336000D+000
 -2.7572100882D-001  2.4014372483D+000  0.0000000000D+000  0.0000000000D+000
  1.0137618000D+000
  8.1420764273D-001  1.0543605133D+000  0.0000000000D+000  0.0000000000D+000
  2.7000580000D-001
  2.6695613886D-001  2.7743193731D-001  0.0000000000D+000  0.0000000000D+000
  8.0000000000D-001
  0.0000000000D+000  0.0000000000D+000  1.1138249281D+000  0.0000000000D+000
  1.8731137000D+001
  2.1493541833D-001  0.0000000000D+000  0.0000000000D+000  0.0000000000D+000
  2.8253937000D+000
  3.6457112721D-001  0.0000000000D+000  0.0000000000D+000  0.0000000000D+000
  6.4012170000D-001
  4.1505142766D-001  0.0000000000D+000  0.0000000000D+000  0.0000000000D+000
  1.6127780000D-001
  1.8138068393D-001  0.0000000000D+000  0.0000000000D+000  0.0000000000D+000
ENERGY
 -2.6838504950D+002   0.0000000000D+00
WAVEFUNC   6-31G(d)   QCHEM 
 -1.9194591679D+001 -1.9131905094D+001 -1.0317913904D+001 -1.0213704385D+001
 -1.0207081939D+001 -1.0966577104D+000 -1.0155466333D+000 -7.9565736662D-001
 -6.7071920080D-001 -6.1089839080D-001 -5.1917686970D-001 -4.8339522297D-001
 -4.5272331875D-001 -4.2992074641D-001 -4.1124093393D-001 -3.9319472968D-001
 -3.7502515247D-001 -3.6591217965D-001 -3.1352383151D-001 -2.6738219713D-001
  9.5280275015D-003  4.1886318930D-002  1.1911661187D-001  1.2964674451D-001
  1.3919824895D-001  1.5256453009D-001  1.7741275781D-001  2.0291703307D-001
  2.2183454909D-001  3.2629258534D-001                                      
 -9.7309454766D-006  2.7906148878D-004  1.2899305773D-004 -3.8006447301D-004
  3.0840612428D-005 -1.5952533772D-003 -1.3987290979D-003  2.3350068287D-003
 -3.3907440905D-004  6.6203539329D-006  6.4399317226D-005 -1.3087426783D-005
 -5.1535078758D-005 -1.3122413923D-006 -1.2149554479D-005  2.5993021798D-005
  1.9084694022D-004  4.0346342807D-007  4.2555686448D-005  1.3947708168D-005
 -1.3047290817D-003 -7.3258432038D-004 -4.0920755357D-004 -3.6762538171D-004
 -4.3165027883D-005 -1.2649996980D-005  4.8716381108D-005  4.0725857860D-006
 -4.0403425670D-005 -1.3380097946D-006  1.2235815432D-004  1.4896474227D-004
 -2.5131944160D-005 -6.4481331673D-006  6.9827508191D-006  1.0409567040D-006
 -1.5110360088D-006 -2.7177278456D-005 -1.1595482574D-005 -2.7314228903D-004
  1.5893640293D-004  2.1933935057D-004  2.1626082619D-004  4.7308520079D-005
  1.3888799055D-005  9.0205851304D-006  4.8727214860D-006  5.2903444844D-006
  1.2479662889D-005 -2.4233970530D-005 -7.7216847788D-005 -6.1903131641D-006
  3.8935302759D-004  2.8405758930D-005  3.2685948651D-005 -3.9996370095D-005
  3.1864413595D-005 -3.4949136643D-005  4.0620746788D-005 -1.1159964610D-005
  2.2891322818D-004  2.5247996774D-004 -3.9453610443D-004  6.9593235442D-005
 -4.2616028879D-005 -7.0133627503D-005  3.2981140172D-005  4.1917694453D-006
 -3.4015201960D-005 -6.5563226657D-006  9.9270669379D-001  2.5768539174D-002
 -9.1538005933D-004  2.8649940855D-004 -2.8673991729D-004  1.3206524039D-002
  1.2335961116D-004  9.5587677051D-004  8.4630974985D-005 -8.2331333953D-003
 -8.1523578196D-003 -8.1762783593D-003  2.1068306561D-005 -2.0483270626D-005
  8.7772046778D-006  4.4763375503D-004 -1.2217546720D-003
 -1.0162429391D-005  3.8829952092D-004 -4.9784816165D-005 -1.1032201265D-004
 -3.1879435733D-005 -3.0907730006D-003 -3.3055245335D-003 -2.6756899847D-003
 -1.1882915291D-003 -5.6537030226D-004 -3.8064566036D-004 -1.1794160363D-004
 -5.1380593852D-004 -2.1384252332D-004 -1.8760438898D-004  1.6116591497D-005
  1.0697091671D-004 -2.3107590596D-005 -5.3218060689D-005 -2.1879022593D-005
 -1.0186696440D-003 -5.7594981610D-005  1.1434096684D-003  1.6134624323D-004
  2.1311596607D-006  6.5652983179D-006  1.5685013612D-005  2.3429424421D-005
  7.3518757798D-006  8.0597722468D-006 -8.6512829208D-006 -4.4038420932D-004
  7.3603918690D-005  1.9956969227D-004  1.2786979199D-005  5.4639902608D-005
  5.1238439711D-005 -7.0813998960D-006  1.1451279778D-005  6.8017588713D-005
 -1.6821312781D-004  9.2145081092D-006 -3.9526061857D-004 -1.4612277350D-006
  5.1394450577D-006  5.4306382282D-005 -2.4467465995D-006 -2.3893936313D-005
  5.8828604991D-007  1.0185794618D-005  2.7558686936D-004  1.2260131089D-005
 -1.4150031166D-005 -1.5937461896D-005 -1.9128845584D-004  9.9269759709D-001
  2.5501617271D-002 -8.9813574578D-004 -7.6349757126D-004 -3.2591755257D-004
  1.5374562766D-002 -1.4793459298D-003 -1.2635423467D-003 -5.5600632446D-004
 -7.9429733943D-003 -8.0387888389D-003 -8.2531417534D-003  3.4298146107D-004
  1.5429121566D-004  1.2800732714D-004  6.1526294790D-005  1.4783916452D-004
 -5.2478074049D-005  4.7938318427D-006 -1.8670510770D-005 -7.8123224162D-004
  5.2388224592D-004 -1.6483800387D-004  1.6213108934D-004  2.1531523630D-005
  1.9328095526D-005  7.5869867683D-005 -3.8450959219D-005 -2.7187337916D-005
 -1.7993191696D-005  1.0491307528D-004 -1.4830521246D-004
  9.9294562474D-001  4.8277309379D-002  5.8224435235D-004 -4.8892591613D-004
  1.9640679756D-004 -7.5718635363D-003  5.5529116917D-003  1.8927046881D-004
  1.7161810158D-003 -8.6960965529D-003 -8.3857860484D-003 -9.4244706841D-003
  3.8594319032D-004  3.2144024023D-004  1.9787067175D-004  9.1771603111D-004
 -2.3056309092D-004 -1.6346228734D-004  1.0059063352D-004 -7.5656648260D-005
  4.8220205337D-003  2.5899094687D-003 -1.1486252798D-003  4.2707003427D-004
 -3.9923149709D-004 -1.9275546378D-004 -1.7677967744D-004  3.0412811383D-005
 -6.6654322399D-005  5.5185224906D-005 -1.0784252374D-004  2.5886386240D-004
 -2.4836627706D-004  1.9576846167D-004 -9.5478398345D-005 -2.9551561709D-004
 -2.3192138496D-004  3.0947307198D-005 -2.0152474716D-005  7.1334162954D-004
  9.8064532806D-004 -7.7929655698D-005  1.6442910028D-004 -4.3161326799D-005
 -1.0485713650D-004 -9.5554712513D-005  2.4496912611D-005 -1.2606652192D-005
 -4.4043967718D-005 -1.5553616189D-004 -1.0517396349D-004 -8.0513843874D-005
 -1.1125580137D-004  2.2043370702D-005  6.4529199846D-004 -1.0836185893D-004
  6.3528187905D-004  3.5358462032D-005 -6.6418268858D-005 -7.3333881593D-006
 -4.5488354086D-003  1.1662570929D-003  2.0457414230D-003  5.4535320947D-004
  2.9391838980D-004  5.6903849650D-005  4.6351319369D-004 -2.6788318906D-004
 -1.0269676985D-004 -1.1787413033D-004 -5.7815003801D-005  1.4576498227D-004
  1.0036618448D-004 -8.7882726937D-005  3.7377246231D-005 -1.8516536298D-004
 -8.0773125998D-004 -1.3276850481D-003 -3.3914819592D-004  2.0232513809D-004
 -8.2807754366D-004  2.3153954526D-004  2.0202269294D-005 -2.0234088981D-006
 -5.0994960988D-005 -1.0012773176D-004 -6.3307958059D-005
 -1.1928649808D-003 -3.5995673540D-004  4.5887683180D-005  9.7841912152D-007
  3.0907434633D-005  4.6838433700D-003 -3.5488206074D-003  1.7937665979D-003
 -8.9831202089D-004 -4.5231999082D-004 -2.3947685950D-004 -2.0620980493D-004
  1.4343769131D-004 -1.2094912120D-004  6.3289694962D-005  9.9291206058D-001
  5.0434381591D-002  8.3237825564D-005 -1.9439877515D-004  3.3059892132D-005
 -2.0880097085D-002 -1.0360383532D-003  8.9533672707D-004 -1.1387841629D-003
 -9.0523336513D-003 -8.8994160515D-003 -8.9331006718D-003 -2.6051227135D-005
  1.2520311514D-006  6.7216059527D-005  1.2224460163D-004  2.8585610268D-003
  8.3206478188D-005  2.8223820383D-003  1.5183649010D-002  4.7580099287D-004
 -9.0000024945D-006 -6.4642021434D-005  5.4743379255D-005  4.7894867311D-003
  1.6734071490D-003  8.8237116532D-004 -1.0360835631D-003 -3.9450752649D-004
 -3.1137868110D-004 -3.6165319494D-004 -1.0090460189D-004  1.4631210430D-004
  1.2924022955D-004 -2.0043868693D-004 -2.8515210041D-005 -1.7032837350D-004
 -4.4335218044D-005 -1.6195662012D-004 -1.6367481714D-004 -3.8410772313D-005
 -1.9088760866D-004 -1.3034183153D-006  3.8044192272D-005 -3.0083213203D-006
  6.9979555399D-004  2.4524043046D-004 -6.6091930032D-004  2.9171813612D-005
 -1.3219307313D-004  3.3283738967D-005 -1.9741273019D-004  5.2574850508D-005
  2.9784975163D-005  3.8737905493D-005 -7.2466442049D-005 -3.6187628244D-004
 -1.1195714089D-006 -1.1123640225D-004  1.6103398387D-005  1.4607246488D-003
  2.6941803147D-004  7.6863006358D-004  5.0375307103D-005 -1.8239047811D-004
 -7.9616590356D-005 -3.1411836944D-004 -9.9499782414D-006  6.3751192101D-005
  3.4727411617D-006 -7.3701911709D-006  3.7725673725D-004
 -1.0062726871D-005 -2.5921229831D-004  1.1661007340D-004  7.7140771625D-006
 -7.7341743391D-006  7.9047093743D-004 -7.4649517770D-004 -3.9137944858D-004
 -1.9389896509D-004 -7.1844397650D-005 -8.7508077272D-005 -1.2216686537D-004
 -2.5384991526D-005 -1.2978336513D-005 -5.1666933804D-005 -1.5411022519D-002
 -9.1822846558D-004  7.7148002551D-005  9.1397458421D-005 -1.0674971042D-004
  3.7292446594D-003 -1.7705460918D-003 -6.2286492827D-004  1.0424692150D-003
 -1.7813438203D-004 -2.2906358310D-005 -6.1434357632D-005 -8.0958152165D-005
  1.4882895270D-004  1.0006530070D-004 -1.5683680460D-004  1.9330610806D-005
 -1.2661701582D-004  4.4362917316D-005  9.9280093332D-001  4.9893717937D-002
  1.1138396815D-004 -2.8648355557D-005 -6.3392306041D-005 -1.6790217377D-002
 -7.1121060570D-004 -2.9070482260D-004  3.7313939998D-004 -9.1574378461D-003
 -9.1113378778D-003 -9.1294316979D-003 -4.1885638240D-005  4.3239826065D-005
  2.9731585405D-005 -2.5003248711D-005  2.7391406707D-003 -7.3966874931D-005
  2.7936986289D-003 -4.8175337126D-005  2.6022179914D-003 -1.4319653058D-005
 -6.2917201639D-005 -3.6518275943D-005 -8.0217439797D-006  2.5090300805D-005
  5.2434044024D-004 -1.2392684696D-005 -8.6708630928D-005 -1.2636462488D-004
 -3.7085869719D-005 -1.8145300494D-005 -2.9089872280D-005  1.5756967765D-005
  1.9841848821D-005  6.1249684198D-008 -7.9038113154D-007  2.3725083827D-005
  2.4005932155D-005  4.9294314481D-006 -2.9489251506D-005 -2.5964052682D-004
  8.4429014829D-005 -1.5238063281D-004  8.9033156431D-005 -1.3217189829D-005
  3.2964493357D-006 -3.3055639123D-005  3.7309701227D-005 -1.9207212550D-005
  1.1975107322D-005  6.6199875992D-007 -1.5369589791D-004
 -1.1651830253D-001  2.2661029537D-001  7.2389961085D-002 -4.4988593781D-002
  2.1080334459D-002  5.7154631552D-002 -3.5315073008D-002  1.0017479944D-002
 -1.0829892114D-002 -8.1087045846D-003  1.3545874405D-002 -1.8719026516D-002
  7.8640884028D-003  4.9079202685D-003  4.5510484683D-003 -1.7957456587D-002
  3.2919614508D-002  2.2550668640D-002 -1.0369137318D-002  7.0421550848D-003
 -1.2841712060D-003 -5.4332292494D-003 -4.2494973709D-003 -3.4095339298D-003
  5.3132211491D-003  2.5883830211D-004 -2.3880936612D-004 -2.8984814527D-003
  2.2966612142D-003 -7.9482106796D-004  6.8931300136D-003  1.1944578807D-003
  6.1410938989D-003 -1.1462515956D-004 -4.3323058652D-003  8.2176192969D-003
  5.2224258736D-003 -1.4789777079D-004 -1.8745102746D-003 -3.6760330560D-004
  2.8615042935D-003  2.9720701430D-003  1.1859512694D-003  8.6776647814D-004
 -1.1550827049D-006 -4.8982314299D-005  1.8975520454D-005 -5.5064786353D-004
 -7.0911923420D-005  1.6461031170D-003 -3.0543063536D-004  2.4125925924D-003
  8.0756155247D-003  1.2284974006D-003  4.6692310936D-004 -9.7484598573D-002
  2.0996804530D-001 -6.5076982953D-002 -6.4893342680D-002 -2.4357325787D-002
  1.9692799896D-001 -1.9982412681D-002 -3.0310663684D-002 -7.9519769853D-003
 -5.4532515411D-004  1.7520968377D-003 -3.2118926109D-003  8.2254650525D-003
  1.6346844800D-003  2.9696294996D-003 -1.6684370803D-001  3.6839941728D-001
 -7.3786679813D-002  6.7686862590D-002 -2.0771035812D-002  3.5846278667D-001
 -3.4369956079D-002  3.4384002174D-002 -9.6699094520D-003  6.0534912593D-003
  1.1007905685D-002 -7.2408513189D-003  3.1503540972D-003  5.9370374373D-003
  2.2729505934D-003  9.6658424559D-002 -8.1394741028D-003
 -6.0941502864D-002  1.2233432263D-001  1.2723021035D-001  1.9074181710D-001
  5.0581523932D-002  3.8679444197D-002 -2.5657693338D-002 -2.5036856237D-002
 -8.8501290705D-003  1.0210604845D-002 -1.8325282384D-002 -8.1236241925D-003
  2.1796382598D-002  9.1160374030D-003  6.5551705249D-003 -5.6147439726D-003
  1.1123238685D-002  1.1233772586D-002  8.5666128480D-003  3.7327720888D-003
 -4.1671166061D-003  3.8619082077D-003  2.3030809614D-002  6.2611530293D-003
  3.9269314015D-003 -1.3048220054D-003  7.4449590388D-005  1.6504409910D-003
  1.8513189634D-003  4.6712703029D-004  4.7903372226D-003 -5.7552121949D-003
  2.1165948254D-003  2.1502683232D-003  1.0723408023D-003  2.5623163399D-004
  8.8626681270D-004  1.7046477435D-003  6.9801735378D-004  1.8829930663D-003
 -8.9134607082D-003 -1.5148040482D-003 -8.7054876178D-003 -1.0186641598D-004
  2.6020322921D-004  7.3944189319D-004  2.3553966750D-004 -1.2527027480D-004
 -1.5703829462D-004  6.1435043597D-004  5.7561869774D-003 -9.0201680986D-004
 -7.2788483951D-003 -7.7649223022D-004 -5.9258219697D-003 -1.7021387649D-001
  3.6757223727D-001 -1.0618970887D-001 -7.8509861413D-002 -3.8246105952D-002
  3.5794123556D-001 -3.7170150373D-002 -2.3524845167D-002 -1.3599653833D-002
  1.1267881537D-003 -5.2616414269D-003 -5.7458874334D-003  8.2719716662D-003
  3.4662763034D-003  2.7787697073D-003  1.2068931408D-001 -2.6700803043D-001
  7.4101499372D-002 -8.5826615457D-004  2.4258959764D-002 -2.8188208908D-001
  4.3868424993D-002 -6.9225127528D-004  1.4379216203D-002 -7.9714562849D-003
  3.6896425320D-003  4.8066019234D-003 -3.3582488914D-003 -5.6977238846D-003
 -1.3491201496D-003 -8.7722617064D-002  3.0575867656D-004
 -3.7203646924D-002  7.5858237274D-002 -1.2809283290D-001  2.1189485206D-002
 -3.4832416448D-002  4.3758834646D-002 -2.2306861341D-002 -3.4636727269D-003
 -6.3372651740D-003  7.1167407396D-003 -6.8262058830D-003 -1.7827337847D-003
 -6.1934085439D-003  2.5602289626D-003 -2.3118517194D-003 -1.5520773621D-001
  2.9527673310D-001 -1.9961224292D-002 -2.7313453527D-002  2.6641340041D-002
  2.5851607326D-001 -4.1360296310D-003 -9.7370495343D-003  1.5473201203D-003
 -1.2028868740D-003 -8.8604849665D-004 -4.0125689651D-004  2.3939926674D-003
 -2.9695436728D-003 -9.5635199943D-004  8.5128912139D-002  1.4174218734D-002
  8.8771025247D-002  1.2618799365D-002 -1.3254723197D-001  2.5123137305D-001
  4.6283088843D-002  2.1315224993D-002 -3.1419346818D-002  2.1043928815D-001
  6.3819446331D-003  1.5102193919D-003 -3.7357230187D-003  2.6466578114D-003
 -6.6880725141D-004 -3.6521522575D-005  2.4587493319D-003 -3.2382129769D-003
 -1.7018942000D-003  7.3041592377D-002  1.1639505659D-002  7.5017350721D-002
  1.3612421467D-002  7.2788421610D-002  1.2977502473D-002  2.8013854241D-002
 -6.4602038192D-002 -9.2067137418D-003  2.0165051581D-002 -7.6779230774D-004
 -5.7024237700D-002 -8.4466684187D-003  4.6026140387D-003 -1.7969355326D-003
  2.8752713595D-003 -2.2887964332D-003 -6.4879767644D-005 -3.2159492981D-004
  9.5521554532D-004 -3.2008318745D-004  3.0454062102D-002 -6.9423429598D-002
 -1.1570827858D-002  2.0062267872D-002 -2.4091252488D-004 -8.6492279707D-002
 -2.8308080649D-003  1.1875233211D-002  1.4346864854D-003  5.9962384257D-004
  6.7093249372D-004  2.4151825868D-004 -5.1736086261D-003 -6.2750862201D-004
 -1.5172418047D-003 -1.4132833169D-002  4.4039600784D-003
  7.3285346411D-002 -1.5797751036D-001  1.3768485117D-001  7.1259579408D-003
  6.6245379790D-002 -1.0701156068D-001  3.9953806901D-002  7.1003156702D-003
  1.9887943522D-002  1.2288681593D-003  4.4381052623D-003  4.7602077091D-003
  1.0343394723D-002 -3.2145992389D-003  3.2955612506D-003  9.2572033599D-002
 -1.8390234680D-001 -1.4009833798D-001 -2.7083415121D-002  5.3741722742D-002
 -1.9065693939D-001 -3.6853597796D-002 -7.4062364237D-003  1.9125058819D-002
  4.2436110502D-003 -1.7865678320D-004  1.5673231394D-003  8.4778756149D-003
 -8.6536791073D-003 -4.7211497905D-003 -7.3693280856D-002 -1.8229731550D-002
 -7.9351873119D-002 -2.3419849332D-002 -1.4171102513D-001  2.7638372740D-001
 -7.3844215086D-002 -3.5451603838D-002  4.1610905525D-002  2.8428747244D-001
 -1.7000324121D-002 -1.4564456872D-002  1.1832863053D-002 -5.5041925531D-003
  2.2974322056D-003 -2.8187319152D-004 -5.5599066775D-003  7.3747711336D-003
  3.5760403619D-003  1.1190199866D-001  3.4714417619D-002  1.1856180641D-001
  4.1742138902D-002  1.1786537623D-001  4.1054374154D-002 -4.2977471160D-002
  9.9428827044D-002  3.2411256185D-002 -7.8117414832D-003  1.7163389001D-002
  1.0335797647D-001  2.1197649299D-002  2.7178049570D-003  9.6577352772D-003
 -4.8143988364D-003  1.2778134450D-003 -1.7085360549D-004 -1.6823918945D-003
 -2.8652575631D-003 -9.7441905701D-004 -2.5678043453D-002  6.0110492604D-002
 -6.9641359946D-003 -1.0629605734D-001  1.8938975736D-003  7.6309402233D-002
 -4.0873989128D-003 -5.1781870012D-002  2.4509882002D-003  3.6799844751D-003
 -4.4784929405D-003  7.0176548012D-004  9.3830079534D-003  5.9114666594D-004
  3.3973065548D-003  5.0188018737D-002  2.4756177562D-002
 -8.1878819878D-002  1.8269824321D-001  5.9873591572D-002 -2.2959826993D-001
  1.8699526790D-002  1.4953713659D-001 -2.4305438471D-002 -3.4936107614D-002
 -5.9368856910D-003 -1.1396013565D-002  4.7747384910D-003 -1.1039630932D-002
 -1.6728092876D-002 -2.1618443960D-003 -4.5694692003D-003  4.5124883867D-002
 -8.6501722581D-002  1.0324965583D-002 -5.5564079389D-002  4.0764078086D-002
 -1.2230526260D-001 -1.6410456347D-002 -8.8685447850D-003  1.1185523881D-002
  6.3543611613D-003 -1.8637960841D-003 -1.3173800233D-004 -3.0285810512D-003
 -1.0849402611D-003 -3.9823527268D-003 -5.8768431554D-002 -3.2336764023D-002
 -4.8956185346D-002 -2.2592658521D-002 -3.2116947997D-002  6.4516101558D-002
 -2.6321410944D-002 -1.9796784317D-002  3.2326839174D-002  7.2489556685D-002
 -1.1481647384D-002 -1.0636869863D-002  1.4130661733D-002 -5.8484580847D-004
  1.3151909867D-004  1.6149260997D-004 -2.1083463819D-003  3.2745198326D-003
  2.2748064091D-003  3.6843792665D-002  1.3762296690D-002  2.9233979886D-002
  2.4852876706D-003  2.8406333517D-002  1.0069541646D-002  5.1131150881D-002
 -1.1388206806D-001  1.4708870596D-003 -1.0115139075D-001 -2.4765240450D-004
 -1.4577460258D-001  8.2851356170D-004 -5.5176627974D-002 -7.2117672245D-004
  1.5959062198D-004  9.4055387684D-003  8.9091024710D-005  6.4458446028D-003
 -2.9377861343D-005  2.3573356524D-003  1.7201790241D-002 -3.8750597702D-002
  1.7619811906D-001  4.0829628552D-001  8.5034188958D-002 -5.4529682810D-002
  9.3308190817D-002  1.9856664430D-001  4.4981427727D-002 -2.0298660868D-002
  1.5257548145D-002 -1.3542277382D-003 -2.0129804552D-002 -1.0002600500D-002
 -5.4996272833D-003 -2.1148157143D-001 -9.7208682827D-002
 -7.3585330723D-002  1.6608700752D-001 -2.0699698819D-001  9.3888729336D-002
 -9.6863237704D-003  1.1719284542D-001 -8.9965093410D-002  1.1654826502D-002
 -6.3161799321D-003 -5.1582029460D-003 -9.5064933484D-003 -4.3898218396D-003
  1.0569444332D-002 -1.8116431621D-003  2.7195012460D-003  4.8597894587D-002
 -1.0008752890D-001  2.1469753003D-001 -1.3708144712D-001  1.5655182173D-001
 -1.1928971368D-001  8.5432854704D-002 -6.0607084550D-002  6.2493047413D-002
  1.1915170675D-002 -6.0870615431D-003 -6.9296531946D-003 -5.4957466891D-003
  4.8910940285D-003 -7.6220300674D-003 -1.1120219059D-001 -5.8367240892D-002
 -1.2583990895D-001 -7.8482716968D-002 -9.2797685334D-003  1.6920286504D-002
  4.0686610363D-002 -1.2016451281D-001  1.1855869073D-001  2.4894901652D-002
  2.9604320615D-002 -4.8847248174D-002  4.9118009344D-002 -1.8421364873D-003
  1.8828275186D-003 -8.4559474893D-004 -9.8793938923D-004  2.4858771007D-003
  7.2017367801D-003  5.9998973462D-002  3.4382897224D-002  6.7830482973D-002
  5.0982140421D-002 -5.3490949860D-002 -2.9737784629D-002  2.2679843555D-002
 -5.7111844267D-002 -1.1720193112D-001  4.0764754724D-002 -6.7558904919D-003
 -4.5140823138D-002 -7.1020238592D-002  1.1926964488D-002 -7.8418069290D-003
  9.1355824159D-003 -6.6460054165D-003 -2.3695718574D-003  3.6164827197D-003
  2.4237483721D-003 -6.7776411226D-004  4.6541397208D-002 -1.1003444008D-001
 -2.2575707989D-001 -3.3814494600D-002 -3.7074497096D-002 -1.6094531054D-001
 -1.2895377322D-001  2.6294122905D-004 -1.6977536714D-002  1.5277029907D-002
 -1.6263110601D-003 -3.4492560876D-003 -7.5578151536D-003  4.4182017486D-003
 -4.2992755727D-004  9.0849938947D-002  5.3200611052D-002
 -6.2741968610D-003  1.6788708891D-002 -1.5247081587D-002  8.6409542865D-002
  1.4062791435D-001  3.8529488905D-002 -4.4227098681D-003  2.6897233475D-002
  6.3769633616D-002 -2.0568095507D-003  2.6536829857D-003 -1.7298257424D-003
 -8.4664450139D-003 -2.5881115317D-003 -2.4487158223D-003 -6.9608663841D-003
  1.9938443145D-002  9.7784686747D-003  2.2120963911D-001  2.2715976852D-001
  1.0928141945D-002 -4.8548796331D-003  1.2340175050D-001  9.7544373250D-002
 -2.1299771112D-004  9.2162704776D-003 -8.1515447671D-003 -1.0986213823D-003
 -9.9244774585D-004 -3.2981978945D-003  1.4188788046D-001  7.6748243210D-002
 -1.4945332171D-001 -1.0881085595D-001 -3.2909959875D-004 -1.0401381297D-004
  4.0152569885D-002  1.8793723959D-001  1.4826280494D-001  8.5044168199D-003
  2.4412836317D-002  7.5170517613D-002  7.0404160192D-002  1.9409393689D-003
 -7.9244951503D-003  5.5099988283D-003  4.5334250335D-003  3.8294208076D-003
 -8.2263931590D-004  1.0447866689D-001  7.0503473517D-002 -1.2251146832D-001
 -9.4008942862D-002 -3.3498163611D-003  2.4212642040D-003  3.1086463940D-002
 -6.3745393949D-002 -1.2122971911D-001 -2.8252917150D-002  5.2324888519D-002
 -1.4225705731D-001 -5.5009702098D-002 -6.6861003438D-003  3.1086214005D-002
  1.1335293564D-002  2.8765677706D-003 -1.7006425241D-003  3.6003460723D-003
 -1.9150331954D-003 -3.4071061161D-003 -2.8981574100D-002  6.4090892315D-002
  7.5294044807D-002 -6.9980600961D-002  1.2296576079D-001  1.1866462252D-001
  3.9810013349D-002 -4.9619931234D-002  7.4725036149D-002 -5.2738155152D-003
 -5.1701048726D-004 -2.2756946629D-003  5.6126891610D-003 -7.2490440502D-003
  6.9006089623D-003 -2.9787918783D-002 -3.6222797112D-002
  4.6951205958D-002 -1.1476730939D-001 -1.2681888314D-001 -1.8335924730D-001
  1.7427483398D-001 -9.0507771674D-002 -1.8136041455D-002 -3.8054073329D-002
  1.0099357285D-001  5.2871102320D-003  6.3422676987D-003  5.5913626759D-003
 -2.3770175957D-004  3.6077094604D-003 -2.2968846291D-003 -2.6155872950D-002
  5.4613827433D-002 -1.2772244084D-001 -1.0607592884D-001  1.0175867216D-001
  7.3947701626D-002 -5.0130712096D-002 -6.4309088010D-002  3.8793011520D-002
 -9.2418496179D-003  3.9863783609D-004  2.0431320883D-003  1.4776477895D-003
 -2.7894952415D-004 -5.5315040875D-003 -2.8798411443D-002 -9.7917350809D-003
 -1.1666737945D-002 -2.3043920453D-002  8.4766987120D-003 -1.8778941609D-002
  2.1982650133D-001  1.1458934824D-002 -5.7761162681D-002 -2.9446710246D-002
  1.1595980051D-001 -4.3113222642D-003 -1.6639665733D-002 -1.1576875605D-003
 -2.2690560601D-003 -1.1610034042D-003  6.5337969827D-003 -8.1228076181D-003
 -9.9295869948D-004 -2.7017550711D-002 -1.8055832272D-002 -1.8824941734D-002
 -8.8583448283D-003 -1.1290224784D-001 -7.1138788840D-002 -6.5555859282D-002
  1.3964452902D-001  2.0240851211D-001  1.1513672440D-001  2.4157291812D-001
  2.6706000438D-001  1.0194500127D-001  5.7263578310D-002  1.2967920964D-001
 -1.1322556966D-002 -4.5950467667D-003 -7.0528657510D-003 -7.1442645455D-003
 -1.4985774557D-002 -1.1085250856D-002  7.9651486960D-003 -1.8096281459D-002
 -9.9085697105D-002  8.4037803465D-002  1.8339362885D-001 -2.9131488348D-002
 -6.7983336216D-002  4.6831140942D-002  1.1825322915D-001  7.9804226881D-003
 -3.4121891786D-003 -5.4478264462D-003 -8.9268475130D-003 -7.4634859541D-003
  6.0810315597D-003 -1.2170428045D-002 -8.3515264901D-003
  2.3169339805D-002 -6.2895008215D-002 -1.0708576078D-001 -1.5006514483D-001
 -2.2971320236D-001 -3.7900955079D-002  1.2708525509D-002 -1.9743410987D-002
 -9.2271664711D-002  4.4594505440D-004  1.2615101305D-002 -1.0189931552D-003
 -5.9721810203D-003 -8.4705609572D-003  2.5037777959D-003  6.2750984702D-003
 -1.6655916796D-002  7.5275262157D-002  5.9725087793D-002  2.4354065281D-002
  3.0100907339D-004  4.3011352433D-002 -2.2087283179D-003  1.3708084355D-002
  5.4821595245D-004  1.1585219295D-003 -2.5349506418D-003 -8.0624521907D-003
 -5.8715772539D-003  8.1306016369D-004  3.1107034510D-002  4.5954058401D-002
 -3.7821266332D-002 -2.4153982571D-002 -3.6777544337D-003  7.2015759163D-003
 -3.9693630953D-002  1.3587090910D-001  1.8434606021D-001  1.0810815857D-002
 -2.5857843101D-002  7.1890351295D-002  9.5563992572D-002  2.0608288734D-004
 -8.7362433175D-003  9.6797244940D-003 -1.3232147762D-003  4.5500807991D-003
  1.4354447861D-003  1.2842204751D-001  8.9384513213D-002 -9.7746910754D-002
 -8.2222381598D-002  2.4439473701D-002  1.6866145102D-002 -6.0184748469D-002
  1.2397842701D-001  2.8260242914D-001  2.2120545352D-001 -5.7760694954D-002
  2.6378200739D-001  1.4342492591D-001  1.1817255951D-001 -3.8208224535D-002
 -1.7420336004D-002 -1.1005915784D-002  3.6462872788D-003 -1.4544050240D-002
  1.4363379098D-003  2.4574757495D-003  1.1026512182D-002 -2.4044813991D-002
 -4.3804308038D-002  1.3631228863D-001 -2.2462354982D-001 -3.4912851727D-002
 -3.2756356918D-002  7.8289650341D-002 -1.5215765341D-001  8.2752791802D-004
 -2.1738493096D-003  3.0865658463D-003 -8.2719038470D-003  1.0856281023D-002
 -1.1154422482D-002 -2.7263718991D-003 -2.4739944822D-002
 -2.8853107604D-002  6.5778394386D-002 -5.9140172114D-002 -5.7682906649D-002
  8.0455279142D-002  5.5390391716D-002 -8.9091223727D-002 -1.7021520384D-003
  2.0130168434D-002 -1.1283456914D-002  4.6711257260D-003 -1.7939023134D-003
  8.5600932340D-003  2.9129507686D-003  2.7654197232D-003  1.9296338620D-002
 -3.8296022711D-002 -2.3196562981D-002  8.7087909890D-003  2.5869604549D-002
 -9.0610890279D-002 -4.5754842248D-002 -5.4007786272D-003  3.4064694230D-003
  1.0160636080D-002 -2.7643796436D-003 -6.5140230878D-003 -4.1406682469D-003
  2.7742807098D-003  1.5991664577D-003 -1.3107214833D-002  2.3412985620D-003
 -3.8459934789D-002 -3.3384050651D-002  2.8690645124D-003 -3.5204496623D-003
 -2.4806899977D-001  2.0998127973D-001 -1.9167264333D-001 -2.8983139378D-002
 -1.1319500924D-001  9.8980736963D-002 -8.6682974532D-002  1.8245875484D-002
 -8.1433396811D-003 -9.9338487272D-003 -1.0382685802D-002  6.4828255520D-003
 -6.5918777002D-003 -1.1654123409D-001 -9.2965730853D-002 -1.1553170718D-001
 -8.5779229685D-002  2.3147331669D-001  1.9974493409D-001 -1.2162489514D-003
 -4.2886583438D-003 -4.9703994767D-002  3.8543424631D-003  8.4019179042D-002
  4.3571257138D-002 -3.7140745367D-002 -1.1917110034D-002  4.6772104387D-002
  4.8006603697D-004 -1.4967189043D-003 -5.4390807774D-003  3.9146592364D-003
 -4.0136172372D-003 -3.3424978243D-003  3.5814648738D-002 -8.1204219570D-002
 -2.9161779454D-001  9.7664704185D-002  1.6358306416D-002 -1.2814033446D-001
 -1.8140126823D-001  7.5149414475D-002  1.3865376793D-002  1.6230496008D-002
 -2.7493860871D-004 -4.9621043175D-003 -9.3602467099D-003  3.7497504894D-003
  1.6529127193D-003  7.6311125783D-002  2.4532275382D-002
 -1.1472756475D-002  2.9871959942D-002  1.8149954008D-001  2.6340011000D-002
 -3.9986063623D-002 -1.2001586410D-003  9.3179629061D-003 -2.6416442588D-002
 -5.6148074652D-002  1.0198043419D-002 -1.3556729515D-002 -6.3722747157D-003
  1.3569718302D-002 -4.9903970017D-003  9.3499848658D-003 -9.1722513308D-003
  2.1964691744D-002 -2.2137140952D-001 -1.8685882017D-001  1.1260938824D-001
  2.3114573781D-003 -1.0880783811D-001 -8.5274063556D-002  5.6047763981D-002
  2.9329645057D-003 -1.0642044570D-002  3.0278750087D-003  4.0567003598D-003
 -9.7760688669D-003 -3.0247326208D-003 -1.0764520077D-001 -9.9105252351D-002
 -1.6703611514D-002 -9.1628060815D-003 -1.4111190548D-002  3.5276250955D-002
  2.4448722599D-001  2.2060187970D-001 -4.7609843003D-002  4.2087487523D-002
  9.9581843530D-002  1.0649169525D-001 -2.4630754505D-002  1.8374694278D-003
 -1.4082318142D-002  6.7477160579D-003  3.8210517456D-003 -7.9982755209D-003
 -2.7449820092D-003  3.0292943954D-002  2.0612592860D-002 -1.4061100387D-001
 -1.3501853247D-001 -6.2522622001D-002 -6.8717599668D-002  2.3118675738D-002
 -4.8295486433D-002 -6.2265868252D-002 -2.1078162054D-001 -1.4008548507D-001
 -8.4845794890D-002 -3.1624113278D-002 -1.2820322147D-001 -8.1666694478D-002
 -2.1607522046D-003  9.1325918263D-003  2.2979023029D-003  8.2625465246D-003
  5.1711388707D-003  8.5100138445D-003  2.4153454350D-002 -5.0729211936D-002
 -5.9730739793D-002 -2.4101141303D-002 -2.1605222804D-001 -1.1938690137D-001
 -2.3253752765D-002 -8.0524355464D-003 -1.4455322673D-001  5.0873849238D-003
  3.1105168789D-003  4.9209235904D-003  4.4660120373D-003  1.0773202601D-002
 -4.4094498435D-003  6.6697486005D-002  5.1040177348D-002
 -7.7638382565D-004  1.2333862283D-003  1.0071777512D-001 -4.0934431586D-002
  1.1124826562D-001 -1.0287286954D-002 -1.1830333292D-002 -3.3790564902D-002
  4.8950789330D-002 -5.7204164904D-003 -4.3022163486D-003  5.7487766755D-003
  1.0309593143D-002  1.1681758782D-002 -2.9595886091D-003  8.5350980826D-003
 -2.2931785641D-002  7.3949228323D-004  1.0072186229D-002 -2.8942644565D-001
 -3.8423033924D-002 -1.2067804278D-002  4.3920909822D-003 -1.4712714428D-001
 -1.2366504665D-002 -5.6016655749D-003  2.2141332319D-002 -3.8169943246D-003
  1.7101148803D-003  6.4220125918D-003 -2.3134555198D-002 -2.4322820315D-002
  1.9621684098D-001  1.8421168116D-001  1.2316755427D-002 -2.6571396919D-002
 -4.2326236523D-002  5.2273185953D-002  2.8863791284D-001 -4.8623362722D-002
 -9.3480570884D-003  2.7704246578D-002  1.4785146738D-001 -8.8185672886D-003
 -8.7819095203D-003  2.1990343843D-002 -3.4824106578D-003  2.0716576946D-003
  3.6444750057D-003  1.9195875678D-001  1.8211689151D-001 -7.2171205241D-002
 -4.9064040311D-002 -3.3590147768D-002 -2.1252048480D-002  9.1745331445D-003
 -1.8376268819D-002 -4.6277692396D-002 -1.5935744405D-001  8.3514617134D-002
 -3.2185024853D-002 -2.6023548947D-002 -9.7485854162D-002  5.1886247766D-002
 -7.2190783029D-004  8.3312368384D-003 -3.0845741405D-003  7.7589980128D-003
 -4.3639965621D-003 -1.8619577786D-003  2.6086399821D-002 -5.4545927577D-002
 -2.1731565749D-001  2.3360771294D-002  1.2752410409D-001 -1.2361775283D-001
 -1.3834044111D-001  1.6974584748D-002  9.3338975957D-002  1.4949310340D-002
  7.4262940618D-004 -2.8070458760D-003 -1.6824779021D-003 -1.9476143946D-003
  5.2190609869D-003  6.5839582475D-002  4.0405277186D-002
  5.9627247215D-003 -1.0049902476D-002  1.7848947471D-001 -1.1062564598D-001
  1.5345148757D-002 -7.0724577762D-002  2.3100404611D-003 -2.4905369144D-002
 -2.2169411088D-002 -4.3841470303D-003  8.1625160722D-003 -6.0563232455D-003
  4.1063384203D-003 -5.3771926650D-003  2.9038980377D-003  3.7763823170D-003
 -9.5284712357D-003 -1.0265752205D-001  2.9098406956D-001  5.2512557215D-002
 -4.5267557653D-002 -7.1928664786D-002  1.3228778378D-001  1.2645859999D-002
 -1.1637293749D-002  2.4098782663D-002 -1.0396004000D-002  3.2659088522D-003
 -2.2687192087D-003 -1.1383657031D-003  2.0796263974D-001  1.9093997465D-001
 -7.8979341409D-002 -7.7911001540D-002  6.5213993392D-003 -1.3245483408D-002
  5.5465190281D-002 -1.7465704478D-001 -2.3286560955D-002 -3.5125728036D-002
  4.0444376405D-002 -7.3665092737D-002 -3.7129014202D-003 -1.0204117128D-002
  1.8064088415D-002 -6.8856821253D-003  7.0469187516D-003 -7.3514476990D-004
 -5.0328677730D-004 -4.4740872038D-002 -4.8074313465D-002  1.3466722726D-001
  1.6353463329D-001 -8.6949030760D-002 -7.6173302255D-002  6.0570096268D-003
 -1.8287658885D-002  3.5658246654D-002 -1.4656924055D-001 -4.9357316783D-002
  7.0949003994D-003  1.6378751917D-002 -9.9041029543D-002 -3.3626158467D-002
 -9.0024081795D-003  8.3110600633D-003 -1.7992978292D-003  5.1845703989D-003
  3.7230288961D-004  4.6281119028D-003  3.9921211638D-002 -8.4250677803D-002
 -2.6590498154D-001  1.6355697497D-001 -1.3679359042D-001 -1.7047798094D-001
 -1.6581914717D-001  1.2821506610D-001 -8.6059090233D-002  1.5675374040D-002
  1.8008661564D-003 -3.9800286484D-004 -5.5182433176D-003  8.3095140908D-003
 -3.6008129274D-003  9.5823298396D-002  7.6414898965D-002
 -5.6588032167D-004  1.5051019785D-003  4.0535155247D-002  9.3340274335D-003
 -1.3837892221D-001  1.7532623455D-002  1.1658124637D-002  1.0106631703D-002
 -7.0962310198D-002  1.0333522373D-002  3.4946993581D-003 -1.2614151905D-002
  1.2362114761D-002 -1.4588966112D-002 -3.2888978039D-002  2.7221706125D-004
  7.4197003477D-003 -1.3995589663D-002 -1.0181073179D-002  3.1970768980D-002
 -3.4270515375D-002 -6.9983740663D-005  2.2639590490D-002 -3.2361160769D-002
  3.7542447861D-003  5.8816183451D-004 -3.6461850299D-003  5.2495248594D-004
 -3.8097483812D-003 -1.5987686373D-003 -4.0140872028D-003 -1.3057942049D-002
 -2.6720479117D-002 -6.5991656243D-002 -5.0751890785D-003 -2.7412923561D-005
  2.2141975648D-002  3.4546136180D-002 -2.6738437461D-002  6.3979378595D-002
  6.7199962114D-002  1.5990944313D-002 -7.3916930754D-003  9.7027888587D-004
 -2.5188892254D-003 -2.4488740594D-003  2.9390435233D-004 -1.3853402360D-003
 -7.9458281984D-004 -1.2042529954D-002 -2.8695054469D-002 -1.9872787261D-002
 -5.7727505900D-003  4.4592175330D-003  2.5714905178D-002 -2.9562759021D-005
  5.8228608464D-004  1.3189805536D-001  2.7607001100D-002 -4.2607427465D-001
 -2.1411513591D-003  9.4063367776D-002  1.8177303636D-002 -2.9508869769D-001
 -1.0250134494D-002 -1.3613761162D-003  1.1779993989D-002 -5.5633007980D-003
  1.6436532865D-002  1.3000762863D-002 -1.1025646660D-003 -4.9095200657D-004
 -1.4348573187D-001 -2.3753014451D-002  4.3737355309D-001  1.4873960475D-002
 -1.1358824069D-001 -1.8390553130D-002  3.3728878765D-001  1.0823211569D-002
 -1.5378351760D-003 -1.2739772993D-002 -4.5033234809D-004 -1.8516430163D-002
  4.9624611508D-003 -7.5093853715D-004 -1.1644376284D-002
  1.7176271698D-002 -4.3304732587D-002  8.2966254752D-002 -2.1458114039D-003
  2.6393258760D-002 -7.4744999230D-002 -6.7105940823D-002  1.2911864931D-001
 -1.2201286450D-002 -3.9431972370D-002  4.1844618862D-002 -6.2725398491D-003
  1.0561842752D-002 -1.2632350425D-002  6.3140653202D-003  2.8957506936D-002
 -5.3679919628D-002 -2.0421502540D-001  1.6597666133D-002 -8.1428078053D-002
 -2.4541561715D-001 -1.3956137368D-001  3.9607480530D-005 -6.2891845489D-002
 -2.5598974865D-003  7.3082702271D-004  6.7859129730D-003  6.6528327776D-003
 -1.5651592704D-003  1.3679600403D-003 -1.1437549854D-002  5.6591322530D-002
  5.1238953680D-002  7.8086137931D-002 -9.4105344475D-003  1.7709537743D-002
  8.5616124463D-002  9.7037768125D-003 -1.4318814721D-003  5.1694636316D-002
  6.0872355923D-002  5.4006336432D-003 -1.5097884114D-002 -8.6433767479D-003
  7.1374338800D-004  6.0316103596D-003  2.4789495887D-003 -3.1075203984D-003
 -1.4575617944D-003  2.5989589190D-002  3.6503801003D-002 -9.2938761702D-004
 -4.4546789802D-003 -5.4631014509D-002 -6.9500051823D-002 -8.2914759478D-004
  3.5774445128D-003 -3.8465874801D-001  4.2839426903D-001 -9.7143756173D-002
  3.2604796152D-003 -2.5932291815D-001  2.8947888641D-001 -6.5813306696D-002
  1.8175987092D-002 -1.7756719468D-002  1.0453497777D-003 -2.9372869536D-003
  6.7762289907D-003 -2.0313462199D-003 -2.2595923768D-002  4.2691063681D-002
 -5.3527124184D-002  1.9528523113D-001 -1.2376736567D-002  1.9941328795D-001
 -5.6674216708D-002  1.7355205222D-001 -1.3687345848D-002 -6.4079701871D-003
 -2.9245649450D-003 -5.6149897131D-003 -7.9843313519D-003 -6.5315561534D-004
 -2.6155453056D-003 -3.4112101409D-002 -5.7703786095D-002
 -2.9918106771D-003 -5.4121371221D-003 -1.6006524866D-001 -3.2222357944D-002
  5.0001376326D-001  1.3251814877D-001 -1.5688275420D-001  1.3518210663D-002
  4.3792314350D-001  1.5656434081D-002 -1.0330699419D-003 -1.3782267882D-002
  3.6129769511D-003 -2.2452497990D-002 -4.4540151463D-003  9.1606115424D-003
 -1.3611098340D-002 -4.8470884106D-003 -6.8668070547D-003  3.1872837050D-002
 -1.5450854870D-001 -1.6270563744D-001  7.7194044977D-003  2.2552467226D-001
 -1.8351370329D-002  3.9637311397D-004  1.9817643176D-002 -1.4417008900D-003
  2.7175903863D-002 -3.8052331793D-003 -7.6356148783D-003  1.3245936185D-002
  9.7792288581D-002  4.4234536522D-001  4.8748482184D-002 -8.6625873389D-002
 -7.2969596016D-002 -4.2205997175D-002  3.7217263079D-002 -5.7105176022D-001
 -7.1102663763D-003 -1.5076639319D-001  2.5111119528D-002  9.0406767233D-003
 -2.5322693449D-003 -9.9808779950D-004 -1.6005124738D-003  4.7033983803D-003
  9.9570031199D-004 -8.8959280936D-003  1.8601017516D-001 -8.3497702095D-003
  4.7973950311D-002  3.7103675435D-002  3.0241256617D-001  2.6231581821D-003
  3.6296313428D-004  1.1767713563D-001  2.9392961105D-002 -3.6670498615D-001
 -5.3671505375D-002  1.3808877033D-001  3.5723245281D-002 -3.6838768199D-001
  3.2805827750D-003  1.9825481232D-003  1.5461495261D-005 -7.4058769524D-004
 -4.8350465916D-003 -1.5365110943D-003  7.3330326888D-003 -1.4643316794D-002
  9.8170822365D-002  1.5576208781D-002 -2.0697888297D-001 -7.3932417495D-002
  1.0979311300D-001  2.1794360432D-002 -2.0748485855D-001 -1.9514317165D-003
 -3.1909004707D-004  5.9508786901D-003 -6.0419295840D-003  1.5234463711D-003
  1.7412028779D-002  9.8785292807D-003  1.0848608138D-001
 -1.2476362021D-002  9.0085147150D-003  6.8105552382D-002 -6.1435281551D-002
 -1.0089114612D-001  2.2418656921D-001  1.8280485214D-001  7.5277536187D-002
 -7.1636397006D-002 -6.6415220391D-004 -6.4089088379D-003  6.8703386399D-003
 -3.0579540488D-003  1.6283386082D-003  1.2076922592D-003  4.2760175527D-002
 -5.3854760196D-002  1.1684083628D-002 -1.6173904505D-002  6.2927819175D-002
 -5.9252722315D-001  5.2408086232D-002 -1.8285202181D-001  1.4618890536D-001
  1.8184156750D-003  9.3056859119D-003 -1.1442028117D-003 -6.4905180384D-003
 -7.1750728135D-003  6.5638709473D-003  2.1091055980D-002  3.5101239895D-001
 -2.4507133118D-002  3.3755138109D-001  5.9192884672D-002 -7.8441803737D-002
  4.5912026205D-002  1.5786409790D-001 -4.5383550120D-004 -8.4510828395D-001
  1.6877156357D-001  4.4510212969D-001 -7.4793291911D-002  6.6226674822D-003
  4.4577493479D-003  3.2520739693D-003 -9.1555266020D-003  9.8345249111D-004
  4.2475937628D-003  1.9082491460D-003  2.4751605577D-001  7.3858977702D-003
  7.6331501045D-001  2.5850509119D-002  2.9518586756D-001  1.5413829159D-002
 -1.6632937963D-002 -3.0074944493D-002  7.1638879708D-002  6.5910576943D-002
 -2.3074127877D-001  1.6920212470D-002  1.0638048227D-001  9.7502499525D-002
  2.6282512703D-003  6.7878315952D-003  8.7426211138D-003 -6.6488780750D-003
 -2.1373174543D-003 -1.1311180412D-003  6.6357672443D-002 -1.0508772024D-001
  2.1840516067D-001  8.5014654314D-002  1.2477330933D-001 -7.4727295133D-001
  3.2462823454D-001  1.4369093901D-001  1.6769164855D-001  1.0233535197D-002
  2.6553475464D-002  2.5979972226D-002  4.3589054468D-004 -8.1791941684D-003
 -5.2440975586D-003  1.1633942831D-001  1.0849148627D+000
 -6.0506409390D-003 -4.7440725922D-002  2.7908826358D-002  2.4108400624D-003
 -1.2280972351D-001  3.8553615699D-001 -2.7318216847D-002  2.4143053435D-002
 -1.2765793909D-001  1.8578203137D-003 -6.5275095412D-003 -4.0009204792D-004
  1.3007115758D-002  1.1046691540D-003  5.9927855287D-003  8.3439362180D-002
 -1.0143328580D-001  2.8181871436D-002 -1.6965086524D-001  5.1223965752D-002
 -1.4328645579D+000 -4.2458590995D-002 -4.0487493355D-001  1.1009251747D-001
  5.5770433832D-004  1.5821623221D-002 -1.3709270493D-003  2.9449879247D-003
  1.0873152959D-004 -3.2705088946D-003  6.4493344201D-002  1.1935633891D+000
 -2.5964679091D-002  4.7652917398D-001  4.0767034643D-002 -6.0649685618D-002
  1.7689377002D-001 -1.8559888317D-001 -1.0896875485D-001 -7.2868956857D-001
  5.3597700142D-001 -4.1211714155D-001 -3.5666218877D-001  4.2206439076D-003
 -2.9470588406D-003  5.5903985995D-003 -5.2798733783D-003  6.1442907501D-003
  5.2891239619D-003  3.0827107859D-002  7.6100967413D-001 -3.8898336053D-002
 -4.1225166892D-001  3.3113040379D-002  1.0188832223D+000  4.0552791773D-003
 -1.5810332071D-003 -6.0677129016D-003 -5.7617072106D-002  5.4377406357D-002
 -9.2210362999D-002  1.9969674271D-002 -7.4579284680D-003  7.9150091203D-002
 -3.0399658184D-003  1.4801831316D-003  5.0246358331D-003 -5.5208131978D-003
 -1.1470392284D-003  9.1609890685D-004 -1.8370843642D-002  1.0744120526D-002
 -6.8482806315D-002 -1.0902207045D-001  5.5198831566D-003  2.5966422230D-001
 -1.4503494775D-001 -1.7014838245D-001 -1.5321846825D-002 -5.0770404706D-003
 -1.9334077582D-002 -1.1495459711D-002 -1.3155952332D-003  4.5918105767D-004
 -6.3497678820D-003 -7.4114356450D-002 -5.5425520045D-001
  1.1428667089D-003 -3.5954125873D-002  2.1724473045D-002  2.0090049879D-002
  2.3189311804D-002  1.1060858429D-001  8.8686061820D-002 -4.7601769839D-002
 -9.4553245726D-002 -6.0356201810D-003  2.6868586817D-003  2.1528879670D-003
 -6.1096442179D-003 -8.6594899665D-003 -1.2540530856D-003  9.0490293106D-002
 -9.0145547826D-002  9.7835577669D-002  9.3413446612D-002  2.1972291132D-001
 -1.5651248304D+000  4.5920848380D-001  3.7818796342D-001  5.6333417452D-001
  1.8137072071D-003 -1.7845938410D-003  1.9277699119D-002  3.4955960934D-003
 -7.4745271781D-003 -2.4033429595D-003 -2.0342875227D-002  2.5342797852D-002
  8.6809285290D-002  1.5920732033D+000 -9.7197801996D-002  9.9364752473D-002
  5.1233369953D-002  2.6772697626D-002  1.2536153930D-001  1.6666230039D+000
  2.6830006688D-001  1.1062145449D-001  1.3648925740D-001 -6.4922189356D-004
 -8.2655073812D-004 -1.9964806740D-002  2.2981566257D-003  9.8568402399D-003
  3.9765058528D-003 -7.0676769443D-002 -1.1006927033D+000  1.1641530423D-002
 -3.8606889465D-001  1.6515837716D-002 -2.4853019216D-001  9.2576835594D-003
 -2.0424248165D-002  3.2179800763D-002 -6.3920405423D-003  2.8134994414D-002
 -8.8315676385D-002  4.1023600493D-002  2.5688216978D-002  4.8529471235D-002
  1.4299404724D-003  2.9745670597D-004  1.5782923199D-003 -2.3783739078D-003
 -2.7518878169D-003 -2.1162743144D-003  2.9044737064D-004  1.2191047996D-002
 -3.6922585020D-002  8.4487199758D-003  2.3442597416D-002 -6.4421296356D-002
 -3.5283204047D-002 -2.2937001920D-002  1.4174559689D-002  3.5561043652D-003
 -6.8759418031D-004  7.2783776566D-003  2.1846821753D-003 -6.2822178885D-004
  1.3991213957D-003 -6.7482952812D-003 -1.8172560662D-003
 -2.4635758432D-002  2.2945495206D-002 -6.0900299289D-002  1.0739320514D-001
 -1.2859428016D-001  4.1740831148D-001 -8.9053196908D-002  6.7980971245D-002
 -1.9814161258D-001 -1.4558780296D-002  4.4325993985D-003  1.4038906695D-003
 -1.1159507665D-002 -7.5243379847D-003  2.1831857042D-003  1.0630344182D-002
 -1.3808841599D-002 -6.2608373787D-002  1.8745199194D-001  1.5343988064D-001
 -1.5574970351D-001 -2.0884616664D-001  6.1183678717D-001  6.1441254236D-001
  2.0285651858D-002 -2.3005142247D-002  3.9190534897D-003 -6.1864293997D-004
  1.8226203198D-003  7.8528294177D-003 -1.0636293622D-001 -9.3495416762D-001
  3.9689849921D-002  9.1476315800D-001  6.8724638865D-002 -6.7354293686D-002
  7.1287721891D-003  1.3108407772D-001 -1.3381486026D-001 -1.2849723910D+000
 -1.7750835881D-001  2.8597176250D-001 -5.1014829581D-001 -8.8036275880D-003
  1.8238796845D-002  6.4187244412D-003  1.8926865894D-002  7.9328806669D-003
  1.7982574755D-004  3.2347235248D-002  9.5023966772D-001  8.6177912217D-002
  1.0010334426D+000 -7.4674101117D-002 -1.4387630804D-001  6.6209930077D-003
 -5.9256575656D-003  5.9146434534D-002 -2.2377281973D-002  6.0391494604D-002
 -8.9828964518D-002  7.6200510628D-002 -2.4407696095D-002  9.6292451797D-002
  7.0697042499D-003 -2.2980398145D-003  7.0527639486D-003  1.1665943098D-003
  2.7664082376D-004  3.1803477797D-003 -3.3398273192D-002  7.3847909481D-002
 -1.3036965458D-001 -3.9739957634D-002 -6.0543160128D-003  3.3406036938D-001
 -1.8765211832D-001 -1.0306107804D-001 -1.6134118487D-002 -1.9118012864D-003
 -1.0645149859D-002 -4.1502471675D-003  1.4223885072D-003 -9.0762834878D-004
 -6.6672476142D-003 -7.4703763051D-002 -5.9920992224D-001
  2.6473887489D-002 -5.2510153523D-002  5.8304768948D-002  2.6089977448D-002
 -5.4455750328D-002 -2.4471610756D-001 -1.9055146351D-001 -9.8093358782D-002
 -1.5036987618D-001  5.9264670285D-003  3.2994763275D-003 -5.8089236176D-003
 -2.4513265892D-003 -6.8486762113D-004  1.1840914470D-003 -5.2508219561D-002
  7.4619717874D-002 -5.5271803054D-004  5.1419076830D-002  3.0086818868D-002
  7.8637457190D-001 -3.0499238630D-001  3.4014096003D-001 -1.1288657579D-001
 -1.3825037713D-002 -3.9674963058D-003  1.0987005668D-002 -5.2068297632D-003
 -6.9928317442D-003 -8.8072963087D-003 -4.5475153489D-002 -7.0410148573D-001
  2.4417639355D-002 -2.2600417544D-001  5.9250594236D-002 -5.6321614098D-002
  2.6207763462D-001 -9.0809323484D-003  2.4949512434D-001 -1.0366584314D+000
  7.3675656184D-001 -1.7753566268D-001  9.2929000874D-001  1.4631958219D-002
  9.0669963243D-003 -7.8365211539D-003 -1.0349862381D-003  1.4779051104D-004
 -1.0474096788D-002 -7.5623309482D-002 -9.1232848669D-001  2.2018534817D-002
  4.7484803457D-001  8.0845147921D-002  1.7038137284D+000 -1.8905849958D-002
  2.6905166926D-002 -5.7266042668D-002  7.7757417977D-004  2.6709016523D-002
  2.9333201292D-001 -1.0788753913D-001 -7.4305029954D-002  9.2493090483D-003
 -3.8948473268D-003 -4.6911553175D-003 -7.3947003527D-003  6.5002394310D-003
  3.7366411869D-003  3.6396461642D-003 -1.9582367182D-002  3.2226950736D-002
 -2.1219722079D-002  2.1369866530D-002 -1.9838894663D-002  2.1169205816D-001
 -4.8282196462D-002  2.9995465224D-002  7.7419660794D-003 -1.0157261132D-003
 -8.8308725813D-003 -9.5748744914D-003  2.4655869198D-003 -3.5460115334D-003
 -3.1150415708D-003 -2.2924541692D-002 -2.4706903824D-001
  3.5373982252D-002  1.8060647686D-003 -2.4987379388D-002 -2.8781576212D-003
  1.5058962530D-002 -9.0370236675D-001 -6.7769331346D-002  2.5273662299D-002
 -1.1331644151D-001  1.1529227269D-002 -5.1852972317D-003 -6.6616267175D-003
  1.2748130145D-002  9.0577517994D-003  9.5532280330D-003 -1.5140036357D-002
 -9.5332897265D-004 -2.4675539015D-002 -2.8587942569D-001  8.7472050137D-002
  1.7479218028D-001 -1.7691962284D-001 -1.1952183443D+000  3.7583907682D-001
 -5.2181432201D-003  1.6789317520D-003  1.5603327310D-003 -1.3755761645D-002
 -3.0158095250D-003  1.4840234991D-002  4.5910286721D-002  1.2342428969D+000
  4.0777854713D-002  7.5156005644D-002  4.0204519452D-002 -2.8269733501D-002
 -1.1804664638D-001  1.5968591291D-001  1.6550606524D-001 -8.0199861549D-001
 -7.8784227120D-001  7.3483487364D-001  6.5410601646D-001  1.7988665017D-003
  9.8056224822D-003 -5.3840982379D-003  6.3425475644D-003 -1.6604853960D-002
  7.0902649789D-003 -4.6908615127D-002 -6.1271909139D-001  7.0239923597D-002
  1.2452755822D+000 -6.5614027103D-002 -5.6292571687D-001 -2.7729916600D-002
  3.5396888777D-002 -5.6133964544D-002 -7.8478738298D-002 -3.6826634608D-002
  4.0716498023D-001 -1.6057917503D-001 -1.6051826949D-001 -4.7153277670D-002
 -6.0539429399D-003 -5.2165559141D-003 -1.8403105712D-002  6.0059312638D-003
  1.1252993941D-003  3.0698436134D-003 -3.9512345232D-002  4.9212115418D-002
 -4.7476295257D-002 -4.8109783744D-002  5.3302839008D-003  5.7867640842D-001
 -1.1635091519D-001  4.4383625659D-002 -1.6564264325D-002 -1.0204128179D-002
 -1.2328537175D-002 -2.1283802014D-002 -8.5071585580D-003  6.2869065113D-003
 -3.0236783311D-003 -6.9916134812D-002 -5.8612182311D-001
 -1.3780648662D-001  1.8281179727D-001 -2.2065640034D-001 -1.1433177095D-001
 -1.9471382220D-002  2.4234864804D+000 -6.3799505317D-001 -2.2151250039D-001
 -7.3411086187D-002 -7.9055983987D-003 -1.8307674969D-002  1.7965537749D-002
  1.9390245001D-002 -8.0819795107D-003  9.8330445161D-005  9.2013389889D-002
 -8.6822184278D-002 -2.0521691479D-001  2.8078302581D-002 -2.0837542003D-001
 -1.5387018824D+000 -8.7040301862D-001  4.2973216530D-001 -9.1502353376D-001
  1.9153538722D-002 -7.8236333849D-003  3.8783342113D-003 -2.7682946085D-002
  4.2204171435D-003 -1.5134830275D-002 -3.7717250213D-002  2.5923813995D-001
 -3.8734940112D-002 -4.6573929619D-001 -2.6068047623D-002  1.7046280115D-003
  1.0908068978D-002  9.7004039857D-002  5.6395786005D-002  5.4536523161D-001
  5.1699110727D-001  4.0806914566D-001  3.3616929167D-001 -2.0341996078D-002
  1.2752971035D-002  5.8015445722D-004 -6.3894592006D-003  5.2032198626D-003
 -1.2398422347D-002 -2.9384028499D-002 -6.4393242384D-001  7.6704020525D-002
  4.6937281617D-001 -3.6594587710D-002 -2.3524614676D-002  2.3440685141D-002
 -4.1942722868D-002  7.0754436904D-002  6.5457206862D-002  9.9210542767D-003
 -2.7790341078D-001  1.9537046487D-001  1.2907036622D-001  2.2419945646D-002
 -2.9867002351D-003 -2.2960471544D-003  1.7153599679D-002 -2.8533943690D-003
 -7.1617312880D-003 -4.8308711694D-003  4.0876800429D-002 -7.7695350349D-002
  2.3687441787D-002 -2.6846282156D-001 -5.7712515253D-002 -5.2502847835D-001
  6.7965550348D-002 -5.4594589574D-001 -4.0724625991D-002 -1.4311527361D-003
  7.6206258902D-003  1.3817041789D-002 -3.3804148217D-003 -9.7635108218D-003
  1.3263991873D-003 -6.8672706851D-002 -3.0678806541D-001
  5.4545806929D-002 -1.0520982649D-001 -9.1394551160D-003  1.4460537264D-001
  1.5342238886D-001 -7.9516453131D-001  8.7711622892D-002  3.1013437266D-001
  4.1288459643D-001 -6.2484708250D-003  1.1565669321D-002 -2.7503914715D-003
 -7.7840524453D-003  9.9689815330D-003 -1.2194141740D-002  4.1019790562D-002
 -4.2697921859D-002  3.0212113794D-001  3.1726589643D-003 -2.5492261225D-001
 -8.6642157908D-001  1.1902488574D+000  2.2797440144D-002 -9.6710532221D-001
  4.6453007717D-003 -1.2191750439D-002  1.1374128268D-002  1.7507308982D-002
 -1.0852731413D-002 -5.8214299790D-003 -5.3438724681D-002  2.7567187994D-001
  7.2952480944D-003 -6.0976402712D-001 -4.5477346914D-002  3.4111874152D-002
  1.7299264905D-001  2.3192550285D-001 -1.2087409973D-001  8.1336731909D-001
  9.8813883578D-001  1.0572157215D+000 -5.6378508296D-001 -1.0249713116D-002
  3.0749202451D-003 -4.1960984477D-003 -1.8076428112D-002  1.5780865448D-002
  1.5771603514D-002  2.1826048960D-002  7.9901973664D-003  6.6517180683D-002
  9.2443737447D-001  5.1579180134D-002  4.6840754788D-002  1.1857702201D-003
  2.9679706550D-003  4.9769019225D-002 -7.8669642265D-002 -4.3867602154D-002
 -6.0493983882D-002  8.1104067668D-002 -7.5589566205D-002 -1.0139896938D-001
  3.5645516826D-003  2.7733911589D-003 -1.3200105092D-003 -1.8001184820D-003
  4.3708321794D-003 -7.0563400753D-003 -4.5979216885D-002  8.2977804726D-002
 -3.3619497412D-002  1.1199448125D-001 -1.0264247917D-001  5.8909113655D-001
 -1.1997818644D-001  2.4679181674D-001 -1.1098136320D-001 -1.9212310232D-003
 -1.9324400631D-002 -1.2033208491D-002 -3.9679016178D-003  2.5102240547D-003
  6.3672427227D-003 -1.7676596775D-002 -2.9129216929D-001
 -2.0295698593D-002 -8.6746757709D-002  3.8932196220D-001 -2.6991129833D-001
  1.3271460755D-001  7.4799429796D-001  2.2173183055D+000 -7.4390879699D-002
  7.0513809979D-001 -8.6177007992D-003 -1.5973692942D-002  2.0893746876D-002
  1.1216024231D-002 -1.0580496354D-002  2.1761080053D-003 -5.5920109478D-002
  6.3059401987D-003 -7.7906860403D-002 -6.3781157814D-002 -2.8822547967D-002
  1.6629057311D+000  1.1236811811D+000 -6.1948883666D-001  3.5879134749D-001
 -2.8000893699D-002 -1.1386828021D-002  2.1484362664D-002  1.5224280187D-002
 -2.2966826254D-002  9.2028836847D-003 -1.6287590358D-002  7.1630158253D-002
  8.2854782074D-002 -1.4239438104D-001  1.2374519172D-002 -8.7933274896D-003
  4.0452615276D-002  4.7675640920D-002 -6.0301014162D-002 -2.8228622467D-001
 -1.8475706141D-001  2.2185833893D-001  1.6150303638D-001  1.6561338885D-002
 -1.8284940444D-004 -1.6510180023D-002  1.6059479787D-002 -9.8367060421D-003
  2.7309697935D-003 -9.9217819078D-002 -3.3337072043D-002  2.3317960060D-002
  3.9093033991D-001  2.7517674561D-002  6.8610261142D-002  8.4504415818D-002
 -9.0331732264D-002 -1.4357667575D-002  1.5466841714D-001 -4.5965865777D-003
 -1.7158896795D+000  2.8487689672D-001  7.3449103032D-001  1.2963676904D-001
  9.7206598320D-003  2.9332350551D-002  4.8657626014D-002 -2.7244606782D-002
 -1.9540545994D-002 -1.1089856739D-002  4.0436282916D-002 -1.0256091172D-001
 -1.4137668859D-001 -2.0088353322D-001 -5.9601356703D-002 -3.7698377663D-001
 -4.0163836063D-001 -5.5718937563D-001 -1.5630039264D-001  5.1446932654D-003
 -2.6182303460D-003  4.6493318183D-003  1.7223864529D-002  1.7165092451D-003
  5.7641602063D-003  1.4945055848D-002 -5.2197938875D-001
GEOMETRY2
  6        1.26535929273000        0.19777239968000       -0.08912017887460
  6       -1.36098852552000        1.05541892506000       -0.90723573667900
  1       -1.38626645464000        3.11157073615000       -0.72931008977700
  1       -1.59573859726000        0.60941739468700       -2.92268210961000
  6       -3.52828396911000       -0.12874986292400        0.62484776684200
  1       -3.30797565677000        0.25165300014600        2.64649815795000
  1       -3.64755875203000       -2.18482153698000        0.38047922536700
  1       -5.34323063689000        0.65747667260500        0.02070909919100
  8        2.94584932383000        1.60409188001000        0.52589914502000
  8        1.66384486352000       -2.34970560130000       -0.09211507232650
  1        0.14669581015300       -3.22703526721000       -0.63691797240000
HESSIAN 6-31G(d)
  33
  8.0521059296D-001
  2.3372550614D-001  7.2116509779D-001
  1.9974769929D-001  9.9923981100D-002  2.9543637711D-001
 -1.5191006806D-001  3.2114312569D-002 -2.0161740629D-002  4.4323149344D-001
  3.3474514516D-002 -1.0024723155D-001  1.1340631444D-002  2.3131742003D-003
  6.0573270030D-001
 -2.1214426830D-002  1.1701650395D-002 -9.9698876524D-002  1.7482817547D-002
  3.8592242783D-002  5.2112270408D-001
  9.3206678921D-005  3.4914027388D-002  4.8479807685D-003 -4.7981920312D-002
  4.5184414390D-004 -2.7139471658D-004  5.6557778705D-002
 -1.9665718615D-003 -1.4477432790D-002 -2.2733282079D-003  7.2408150495D-003
 -3.2016776722D-001 -2.5826386027D-002 -4.4599324329D-003  3.4438813945D-001
 -8.4017061286D-004  1.2201235469D-002 -5.7350863166D-004  8.2888083210D-004
 -2.8313163723D-002 -5.3648153750D-002 -1.5248018233D-003  2.7332030555D-002
  5.4047520126D-002
 -1.4265105522D-003 -1.1453099975D-002 -3.3650556392D-002 -5.0023621462D-002
 -3.3986436634D-003 -3.5183133752D-002 -2.6280002475D-004  3.3454660533D-004
  1.4063566090D-003  5.7183087327D-002
 -1.1535668028D-003  1.8436313143D-003  1.1993399627D-002 -3.7018080722D-003
 -6.3644426855D-002 -5.4376343728D-002 -4.1968931113D-003 -5.1145664494D-003
 -3.2518034731D-002  7.9120296071D-003  6.3292042285D-002
 -1.7342142890D-003 -5.5538863060D-003 -9.4879408756D-003 -3.0802636927D-002
 -5.5276853492D-002 -2.8583134935D-001 -8.6957467905D-005 -9.9759082440D-004
 -2.0068960544D-003  3.2213685540D-002  5.9566534304D-002  3.1194962385D-001
 -2.8878746937D-002 -1.0887743791D-002  1.7115005422D-002 -1.3481115289D-001
 -3.1915498459D-002  4.6754948520D-002 -6.1579256822D-004 -9.7119440525D-004
 -1.7252993561D-004  2.7845292366D-003  6.2947089126D-004 -7.9647991463D-004
  5.1786927037D-001
 -5.3190652960D-004  9.7794458138D-003 -1.2354420904D-002 -2.7325349306D-002
 -1.0253258015D-001  2.3365755576D-002 -2.6697072697D-002 -1.0745797394D-002
  1.9096977659D-002  5.5978109073D-003  2.8527487491D-003 -3.3349500227D-003
 -3.1714539323D-002  5.5524192051D-001
 -8.8116949361D-004 -8.7328629119D-003  1.0484924041D-002  3.9962738425D-002
  2.4298508883D-002 -1.0888213782D-001 -2.5695268672D-003 -5.5113608338D-004
  1.9295221748D-003  2.7665248854D-002  1.5831031658D-002 -1.7472164605D-002
  4.6859273195D-002  2.1642102941D-002  5.5144235981D-001
  2.1474198721D-003  7.2869532235D-004  1.8058599174D-003  1.7047527901D-003
  5.7224130566D-003  2.6468135674D-002  8.8685616603D-004  2.8220195572D-004
 -9.0283175605D-004 -4.0232747576D-003 -2.5841385610D-003  3.2227616253D-003
 -5.3680780467D-002 -5.4629405470D-003 -3.2467564498D-002  5.6281675316D-002
  1.0935350235D-003  7.9264520846D-004 -1.9313444570D-004  1.8544181002D-003
  2.9432899263D-003  1.4220757366D-002  7.6550146817D-004  3.9390829992D-004
  7.4001107400D-005 -2.7744701398D-003 -2.7891009090D-004  1.8438722641D-003
 -5.2710055775D-003 -6.0899420903D-002 -5.0303238576D-002  8.5114286418D-003
  6.0490915920D-002
 -1.8433259290D-003  3.2652431744D-004 -5.4321845574D-004 -2.0755400186D-004
 -2.8339451080D-003 -1.5053817690D-002 -2.5954611497D-004  2.5259885914D-004
  4.2406802489D-004  2.7673916132D-003  1.7440818591D-003 -1.8142305081D-004
 -3.1402508416D-002 -5.0217087068D-002 -3.0344668409D-001  3.1478087401D-002
  5.3599536972D-002  3.2872180649D-001
  1.3501530673D-003 -3.1247120697D-003 -5.7364192108D-004 -9.8196915397D-004
 -2.5943349535D-002 -4.1028981369D-003 -3.7924870102D-003 -1.5256766969D-003
  2.9747331082D-003  1.2495575144D-003  1.0150615088D-003 -5.6260462851D-004
 -4.9511610585D-002 -1.2504907447D-002 -1.3892847368D-003 -1.0632304225D-003
 -4.1883900037D-003 -6.6955495362D-004  5.3060444376D-002
  1.7573224789D-003 -4.2893316833D-003  5.3669771191D-004 -9.7480202863D-004
 -1.1677787256D-002 -1.3426027843D-003 -2.0469214364D-003  9.2993811337D-004
  1.9304057024D-003  5.4120127309D-005  7.5665036017D-004  4.6281327765D-004
 -1.1326026913D-002 -3.0141657753D-001 -3.3529136657D-002  3.4422321774D-004
 -5.5325328935D-003 -7.9305984925D-004  1.3428298886D-002  3.2914472941D-001
 -5.7977144911D-004 -5.4763055056D-004  3.2906101583D-004 -2.9988116288D-004
  1.9765148858D-002  2.0869366159D-003  3.5496400564D-003  1.3649061189D-003
 -1.3964577755D-003 -1.0252633133D-003 -2.4270152373D-005  8.2818999859D-004
 -1.1379339295D-003 -3.2989478280D-002 -5.4514818746D-002 -5.1483511550D-004
 -3.3049794141D-002 -2.2914750291D-003 -1.7352875944D-003  3.5172976654D-002
  5.3713733056D-002
  6.3588330331D-004 -4.0836206233D-003  4.7639870394D-003 -2.2727584462D-002
  9.2936669185D-003 -6.1215680854D-003  8.3209657206D-004 -2.3625151728D-004
 -5.4735101032D-004  1.0863266860D-003  4.6595493993D-004  5.6202375139D-005
 -2.5244678991D-001  9.1648415808D-002 -7.1249980038D-002 -2.1378386032D-003
  8.0724135108D-004 -1.0894785295D-003  2.6630068205D-003 -5.8295101077D-004
  9.2387138626D-004  2.7411043070D-001
 -6.6836128081D-004 -3.4897918743D-003  2.9436117047D-003 -1.5416845687D-002
  5.7530467354D-003 -3.8439325331D-003  2.1661719971D-004  5.9419476770D-004
 -6.0468083647D-004  8.4247434832D-004  2.2351074598D-004 -3.2399924221D-004
  9.2040842659D-002 -8.8975321542D-002  3.0100076636D-002 -7.2034487376D-003
  2.4808077659D-003 -1.8936356103D-003  2.9565547049D-002 -1.2758677685D-002
  1.0393844597D-002 -9.8046554632D-002  9.3657967338D-002
  1.1733066985D-003  2.4858862353D-003 -3.1622915942D-003  1.8395921371D-002
 -8.1200282759D-003  4.9541851642D-003 -8.0166731342D-004 -1.8665260456D-004
  6.7133357754D-004 -5.1492181101D-004 -7.5519053183D-004  8.0192086138D-004
 -7.1762326070D-002  3.0747978820D-002 -7.3827139065D-002 -2.8443774148D-002
  1.3924893507D-002 -8.1173761546D-003  5.1015760560D-003 -2.2117610671D-003
  7.6278276511D-004  7.5276939459D-002 -3.5715951169D-002  7.6127154322D-002
 -5.0264873541D-001 -2.9876497579D-001 -1.5334574444D-001 -3.5468568079D-002
 -2.7363653685D-002 -2.0892257537D-002  1.7184996716D-003 -1.4396931792D-003
  1.2809058529D-003 -6.4486509631D-003  8.0566623060D-004 -1.2075272937D-003
 -2.0166162248D-003  3.0763694041D-003 -5.2076573155D-003 -6.3350505800D-005
 -9.3505421653D-005  9.1175386027D-004 -9.7436232070D-005 -4.4769303792D-004
  1.1734384969D-004 -1.8535518681D-003 -7.8279578595D-004  1.5259229056D-003
  5.2628853939D-001
 -3.0733347156D-001 -3.3810177200D-001 -1.1295420998D-001 -4.2783435425D-003
  8.4415083411D-003 -3.3399116682D-003 -2.0763381700D-003  3.3373239017D-003
 -3.7407948433D-004  1.2129615098D-003  1.1169542837D-003  1.6916142809D-003
  6.8123726072D-004  5.4832320853D-004  1.7255592559D-004 -3.6859053488D-004
 -3.7455495604D-004  2.7359636729D-004  1.0347180224D-003  1.3778755715D-003
 -4.4936002289D-005 -1.5685133265D-005  5.8839428981D-004  2.6767129369D-004
  3.6250826125D-001  4.1096557327D-001
 -1.5343499522D-001 -1.1008830834D-001 -1.2950361062D-001 -2.0471560401D-002
 -1.0653639802D-002  1.9234100440D-002  3.3179928223D-004 -3.5664601922D-005
 -1.9705831325D-004  3.1225281261D-003 -6.0207704951D-004  4.3956726926D-004
 -3.5466968120D-003  3.4095333330D-003 -4.5495350651D-003 -5.2706098805D-004
 -1.5697124203D-004  4.3426648417D-004  6.1439114556D-005 -1.6743701493D-004
  1.3976990682D-004 -1.5202789038D-003 -9.2320103393D-004  1.3126394689D-003
  1.7865410831D-001  1.3672557396D-001  9.4022700325D-002
 -1.2736285754D-001  2.4373370320D-002 -2.3988887856D-002 -8.3719009216D-004
  3.4020645783D-002 -2.9576174227D-003 -6.5742308842D-003  2.6874351443D-003
 -2.7995694321D-003 -3.3270342882D-004  5.2381325380D-004 -3.6888916373D-004
  9.9848274072D-004 -1.2544892117D-004 -7.7451867556D-004 -1.5094148358D-004
 -9.3485967062D-005  3.5856963499D-004 -6.1731521187D-004  1.1683930559D-003
  3.5800472853D-004  4.1914744504D-005  2.9566844943D-004  2.6657310341D-004
  1.5903047968D-002 -5.4620339792D-002 -1.9166766683D-003  4.7311951466D-001
  8.7876676310D-002 -2.5282905351D-001  1.7056492966D-002  6.8543702755D-003
 -2.4792623213D-002 -2.5566064885D-004  4.3966301708D-003 -7.9581776448D-005
  1.1454790306D-003  1.1557544417D-003 -5.8606067474D-004  1.1747660567D-003
 -2.0349243703D-003 -4.4595915634D-003  1.8618209048D-003  2.0122084549D-004
 -1.1125537027D-005 -6.4302872752D-004  1.2807111390D-003  2.8716083043D-003
  2.9768945608D-004  9.9920509568D-004  1.6005939554D-003 -6.3502113219D-004
 -4.0896842813D-002 -7.7427436411D-002 -1.7692225329D-002  1.3071906693D-001
  4.8963465441D-001
 -2.0887640241D-002 -3.4923274470D-003 -5.6090553351D-002 -4.4846481678D-003
  1.0508909474D-002  1.4384294545D-002 -3.2195821542D-003  8.0497765328D-004
  1.5056888072D-003  3.5565562320D-003 -1.4876648593D-003  1.9104269086D-003
 -1.0656545210D-003  1.7221518964D-003 -5.9359430587D-004 -4.4624045744D-004
  3.5011896822D-004  3.4424152533D-004 -3.4370905489D-004 -8.6954828361D-004
 -4.4179545981D-004 -4.5502931226D-004 -9.1206025221D-004  5.4334027066D-004
 -1.2670191960D-003 -2.2073544640D-002  1.1554288670D-002  1.5308979240D-001
  6.7863780702D-002  7.8026769647D-002
  2.7896625614D-003  2.4582404966D-003  3.4400387788D-003 -1.9417170920D-004
  3.3448867310D-003  3.7394733723D-005 -8.6120699661D-004  5.4321340635D-005
  2.9637816859D-004  2.1406042008D-004  2.8441011722D-004  6.6660139520D-005
  3.0920723157D-004  4.0395686481D-003  5.2441158230D-005  9.8712093463D-005
 -6.1126747465D-004 -4.3834565405D-005 -2.2591131619D-003 -1.3739633375D-003
  3.4411254176D-004 -2.0389398150D-004 -8.4314358136D-004 -2.1755025164D-004
  4.6868223101D-003  3.2555906864D-003 -7.5260580531D-004 -3.5418772146D-001
 -1.9055186802D-001 -1.2447682553D-001  3.4960764270D-001
 -4.6273676472D-002 -2.0146206660D-002 -1.6019720979D-002  1.3200584744D-003
  1.9187094037D-004  1.1044312465D-003 -1.2674625276D-003  9.4164109136D-004
  2.9829254331D-005  5.1651622950D-004 -4.6157367163D-004  7.4767970679D-004
  7.6938203681D-004  6.0685080032D-004 -7.8972271829D-004 -1.7106465942D-004
 -5.0227429241D-006  1.8441798792D-004  9.6269914644D-004  5.9410528197D-004
 -3.3845655641D-004 -2.4942119878D-004  3.2527550137D-004  1.9817492579D-004
  3.3988628222D-003 -1.0472189530D-002  1.8441709589D-004 -1.3894911824D-001
 -1.3392138402D-001 -5.2414793215D-002  1.7994322439D-001  1.6234663301D-001
  4.9470814125D-004  1.7757380312D-003 -7.1903620842D-003 -2.4233693071D-004
  6.9218893954D-004  1.3321143407D-003  4.0563520889D-006  1.1624516609D-004
 -7.5605818916D-004 -3.5789170270D-004  6.2853360576D-004 -9.4995495642D-004
 -8.4509752927D-004 -1.0885639458D-003 -5.7073232713D-004  3.2746234704D-004
 -3.1004177749D-004 -2.9038805620D-004  1.2392327474D-003  8.1065230880D-004
  7.8407365108D-004 -3.7314381331D-005  7.7992774031D-004 -6.6549617281D-005
 -5.6982903395D-004 -3.4433004417D-004  7.1128713724D-003 -1.2126678064D-001
 -7.0174093277D-002 -5.1143107275D-002  1.2125379063D-001  6.7113743254D-002
  5.1738093140D-002
