External AB INITIO PROGRAM: converted archive file
Jobname.Temp
  12  89  34  83   0   1  30   0 RB3LYP   6-31G(d)        NOOPTOPT FREQ        
GEOMETRY
  7     0.6583006    -0.0363411     0.0004730
  6     0.7816994     2.7058741     0.0000588
  1    -1.1483450     3.4282233    -0.0018455
  1     1.7818720     3.3951613    -1.6819372
  1     1.7789225     3.3957191     1.6835515
  6     3.0155528    -1.4284409    -0.0002900
  1     2.6234207    -3.4580273     0.0006082
  1     4.1493938    -0.9793122     1.6794716
  1     4.1473873    -0.9800863    -1.6815486
  6    -1.6312038    -1.2289119     0.0002785
  1    -1.4219598    -3.3122503     0.0009464
  8    -3.6893857    -0.1907710    -0.0003551
BASIS
   0   6   1   1   0
   1   3   7   1   0
   1   1  10   1   0
   2   1  11   1   0
   0   6  12   2   0
   1   3  18   2   0
   1   1  21   2   0
   2   1  22   2   0
   0   3  23   3   0
   0   1  26   3   0
   0   3  27   4   0
   0   1  30   4   0
   0   3  31   5   0
   0   1  34   5   0
   0   6  35   6   0
   1   3  41   6   0
   1   1  44   6   0
   2   1  45   6   0
   0   3  46   7   0
   0   1  49   7   0
   0   3  50   8   0
   0   1  53   8   0
   0   3  54   9   0
   0   1  57   9   0
   0   6  58  10   0
   1   3  64  10   0
   1   1  67  10   0
   2   1  68  10   0
   0   3  69  11   0
   0   1  72  11   0
   0   6  73  12   0
   1   3  79  12   0
   1   1  82  12   0
   2   1  83  12   0
  4.1735110000D+003
  6.7900795717D-001  0.0000000000D+000  0.0000000000D+000  0.0000000000D+000
  6.2745790000D+002
  1.2504643275D+000  0.0000000000D+000  0.0000000000D+000  0.0000000000D+000
  1.4290210000D+002
  2.0203691378D+000  0.0000000000D+000  0.0000000000D+000  0.0000000000D+000
  4.0234330000D+001
  2.6442129843D+000  0.0000000000D+000  0.0000000000D+000  0.0000000000D+000
  1.2820210000D+001
  2.2650039968D+000  0.0000000000D+000  0.0000000000D+000  0.0000000000D+000
  4.3904370000D+000
  7.7918723086D-001  0.0000000000D+000  0.0000000000D+000  0.0000000000D+000
  1.1626358000D+001
 -5.1587381029D-001  2.0680595460D+000  0.0000000000D+000  0.0000000000D+000
  2.7162800000D+000
 -2.5502391857D-001  1.6100106206D+000  0.0000000000D+000  0.0000000000D+000
  7.7221800000D-001
  6.7273441626D-001  7.6448998766D-001  0.0000000000D+000  0.0000000000D+000
  2.1203130000D-001
  2.2269479901D-001  2.0508790938D-001  0.0000000000D+000  0.0000000000D+000
  8.0000000000D-001
  0.0000000000D+000  0.0000000000D+000  1.1138249281D+000  0.0000000000D+000
  3.0475249000D+003
  5.3633438234D-001  0.0000000000D+000  0.0000000000D+000  0.0000000000D+000
  4.5736951000D+002
  9.8945060758D-001  0.0000000000D+000  0.0000000000D+000  0.0000000000D+000
  1.0394869000D+002
  1.5972822308D+000  0.0000000000D+000  0.0000000000D+000  0.0000000000D+000
  2.9210155000D+001
  2.0791870615D+000  0.0000000000D+000  0.0000000000D+000  0.0000000000D+000
  9.2866630000D+000
  1.7741742532D+000  0.0000000000D+000  0.0000000000D+000  0.0000000000D+000
  3.1639270000D+000
  6.1257982601D-001  0.0000000000D+000  0.0000000000D+000  0.0000000000D+000
  7.8682724000D+000
 -3.9955635160D-001  1.2960827175D+000  0.0000000000D+000  0.0000000000D+000
  1.8812885000D+000
 -1.8415523929D-001  9.9375362822D-001  0.0000000000D+000  0.0000000000D+000
  5.4424930000D-001
  5.1639037938D-001  4.9595271376D-001  0.0000000000D+000  0.0000000000D+000
  1.6871440000D-001
  1.8761787212D-001  1.5412755095D-001  0.0000000000D+000  0.0000000000D+000
  8.0000000000D-001
  0.0000000000D+000  0.0000000000D+000  1.1138249281D+000  0.0000000000D+000
  1.8731137000D+001
  2.1493541833D-001  0.0000000000D+000  0.0000000000D+000  0.0000000000D+000
  2.8253937000D+000
  3.6457112721D-001  0.0000000000D+000  0.0000000000D+000  0.0000000000D+000
  6.4012170000D-001
  4.1505142766D-001  0.0000000000D+000  0.0000000000D+000  0.0000000000D+000
  1.6127780000D-001
  1.8138068393D-001  0.0000000000D+000  0.0000000000D+000  0.0000000000D+000
  1.8731137000D+001
  2.1493541833D-001  0.0000000000D+000  0.0000000000D+000  0.0000000000D+000
  2.8253937000D+000
  3.6457112721D-001  0.0000000000D+000  0.0000000000D+000  0.0000000000D+000
  6.4012170000D-001
  4.1505142766D-001  0.0000000000D+000  0.0000000000D+000  0.0000000000D+000
  1.6127780000D-001
  1.8138068393D-001  0.0000000000D+000  0.0000000000D+000  0.0000000000D+000
  1.8731137000D+001
  2.1493541833D-001  0.0000000000D+000  0.0000000000D+000  0.0000000000D+000
  2.8253937000D+000
  3.6457112721D-001  0.0000000000D+000  0.0000000000D+000  0.0000000000D+000
  6.4012170000D-001
  4.1505142766D-001  0.0000000000D+000  0.0000000000D+000  0.0000000000D+000
  1.6127780000D-001
  1.8138068393D-001  0.0000000000D+000  0.0000000000D+000  0.0000000000D+000
  3.0475249000D+003
  5.3633438234D-001  0.0000000000D+000  0.0000000000D+000  0.0000000000D+000
  4.5736951000D+002
  9.8945060758D-001  0.0000000000D+000  0.0000000000D+000  0.0000000000D+000
  1.0394869000D+002
  1.5972822308D+000  0.0000000000D+000  0.0000000000D+000  0.0000000000D+000
  2.9210155000D+001
  2.0791870615D+000  0.0000000000D+000  0.0000000000D+000  0.0000000000D+000
  9.2866630000D+000
  1.7741742532D+000  0.0000000000D+000  0.0000000000D+000  0.0000000000D+000
  3.1639270000D+000
  6.1257982601D-001  0.0000000000D+000  0.0000000000D+000  0.0000000000D+000
  7.8682724000D+000
 -3.9955635160D-001  1.2960827175D+000  0.0000000000D+000  0.0000000000D+000
  1.8812885000D+000
 -1.8415523929D-001  9.9375362822D-001  0.0000000000D+000  0.0000000000D+000
  5.4424930000D-001
  5.1639037938D-001  4.9595271376D-001  0.0000000000D+000  0.0000000000D+000
  1.6871440000D-001
  1.8761787212D-001  1.5412755095D-001  0.0000000000D+000  0.0000000000D+000
  8.0000000000D-001
  0.0000000000D+000  0.0000000000D+000  1.1138249281D+000  0.0000000000D+000
  1.8731137000D+001
  2.1493541833D-001  0.0000000000D+000  0.0000000000D+000  0.0000000000D+000
  2.8253937000D+000
  3.6457112721D-001  0.0000000000D+000  0.0000000000D+000  0.0000000000D+000
  6.4012170000D-001
  4.1505142766D-001  0.0000000000D+000  0.0000000000D+000  0.0000000000D+000
  1.6127780000D-001
  1.8138068393D-001  0.0000000000D+000  0.0000000000D+000  0.0000000000D+000
  1.8731137000D+001
  2.1493541833D-001  0.0000000000D+000  0.0000000000D+000  0.0000000000D+000
  2.8253937000D+000
  3.6457112721D-001  0.0000000000D+000  0.0000000000D+000  0.0000000000D+000
  6.4012170000D-001
  4.1505142766D-001  0.0000000000D+000  0.0000000000D+000  0.0000000000D+000
  1.6127780000D-001
  1.8138068393D-001  0.0000000000D+000  0.0000000000D+000  0.0000000000D+000
  1.8731137000D+001
  2.1493541833D-001  0.0000000000D+000  0.0000000000D+000  0.0000000000D+000
  2.8253937000D+000
  3.6457112721D-001  0.0000000000D+000  0.0000000000D+000  0.0000000000D+000
  6.4012170000D-001
  4.1505142766D-001  0.0000000000D+000  0.0000000000D+000  0.0000000000D+000
  1.6127780000D-001
  1.8138068393D-001  0.0000000000D+000  0.0000000000D+000  0.0000000000D+000
  3.0475249000D+003
  5.3633438234D-001  0.0000000000D+000  0.0000000000D+000  0.0000000000D+000
  4.5736951000D+002
  9.8945060758D-001  0.0000000000D+000  0.0000000000D+000  0.0000000000D+000
  1.0394869000D+002
  1.5972822308D+000  0.0000000000D+000  0.0000000000D+000  0.0000000000D+000
  2.9210155000D+001
  2.0791870615D+000  0.0000000000D+000  0.0000000000D+000  0.0000000000D+000
  9.2866630000D+000
  1.7741742532D+000  0.0000000000D+000  0.0000000000D+000  0.0000000000D+000
  3.1639270000D+000
  6.1257982601D-001  0.0000000000D+000  0.0000000000D+000  0.0000000000D+000
  7.8682724000D+000
 -3.9955635160D-001  1.2960827175D+000  0.0000000000D+000  0.0000000000D+000
  1.8812885000D+000
 -1.8415523929D-001  9.9375362822D-001  0.0000000000D+000  0.0000000000D+000
  5.4424930000D-001
  5.1639037938D-001  4.9595271376D-001  0.0000000000D+000  0.0000000000D+000
  1.6871440000D-001
  1.8761787212D-001  1.5412755095D-001  0.0000000000D+000  0.0000000000D+000
  8.0000000000D-001
  0.0000000000D+000  0.0000000000D+000  1.1138249281D+000  0.0000000000D+000
  1.8731137000D+001
  2.1493541833D-001  0.0000000000D+000  0.0000000000D+000  0.0000000000D+000
  2.8253937000D+000
  3.6457112721D-001  0.0000000000D+000  0.0000000000D+000  0.0000000000D+000
  6.4012170000D-001
  4.1505142766D-001  0.0000000000D+000  0.0000000000D+000  0.0000000000D+000
  1.6127780000D-001
  1.8138068393D-001  0.0000000000D+000  0.0000000000D+000  0.0000000000D+000
  5.4846717000D+003
  8.3173520885D-001  0.0000000000D+000  0.0000000000D+000  0.0000000000D+000
  8.2523495000D+002
  1.5308074829D+000  0.0000000000D+000  0.0000000000D+000  0.0000000000D+000
  1.8804696000D+002
  2.4771490916D+000  0.0000000000D+000  0.0000000000D+000  0.0000000000D+000
  5.2964500000D+001
  3.2562802462D+000  0.0000000000D+000  0.0000000000D+000  0.0000000000D+000
  1.6897570000D+001
  2.7928936336D+000  0.0000000000D+000  0.0000000000D+000  0.0000000000D+000
  5.7996353000D+000
  9.5493769626D-001  0.0000000000D+000  0.0000000000D+000  0.0000000000D+000
  1.5539616000D+001
 -6.1793369763D-001  3.1169455889D+000  0.0000000000D+000  0.0000000000D+000
  3.5999336000D+000
 -2.7572100882D-001  2.4014372483D+000  0.0000000000D+000  0.0000000000D+000
  1.0137618000D+000
  8.1420764273D-001  1.0543605133D+000  0.0000000000D+000  0.0000000000D+000
  2.7000580000D-001
  2.6695613886D-001  2.7743193731D-001  0.0000000000D+000  0.0000000000D+000
  8.0000000000D-001
  0.0000000000D+000  0.0000000000D+000  1.1138249281D+000  0.0000000000D+000
ENERGY
 -2.4851224520D+002   0.0000000000D+00
WAVEFUNC   6-31G(d)   QCHEM 
 -1.9111212546D+001 -1.4370089373D+001 -1.0279001693D+001 -1.0231810613D+001
 -1.0217705829D+001 -1.0276133922D+000 -9.3848718639D-001 -7.3478085844D-001
 -7.0213605274D-001 -5.7030497857D-001 -5.1539021722D-001 -4.7922567154D-001
 -4.6601262556D-001 -4.1296471268D-001 -4.1206549810D-001 -4.0182485374D-001
 -3.8776075156D-001 -3.7254559130D-001 -2.5093701346D-001 -2.4217469030D-001
  3.2192507653D-002  8.4437932372D-002  1.1609258648D-001  1.3660584636D-001
  1.4923926897D-001  1.5409723696D-001  1.5528668167D-001  1.7024695794D-001
  2.0316456715D-001  2.3472492771D-001                                      
 -2.2057713798D-005 -6.1896446257D-005  3.7019905925D-006 -7.8291945775D-005
  2.4783149736D-008  5.5898131635D-004 -2.6535300983D-004  6.6317360903D-004
 -2.0019907985D-007 -1.2497582080D-004  5.9457082388D-005 -6.0303306777D-005
  8.9744136720D-005 -1.1779284790D-008  1.5414138729D-008 -1.6477468140D-005
 -4.4392385266D-005  2.0026917116D-006  6.6323266012D-005  5.3985144293D-008
 -3.9022532523D-005 -1.9642555025D-004  3.1681926331D-004 -4.3714483161D-007
  2.9434929806D-006 -1.1002142502D-004 -1.9026366054D-005  1.1470053936D-005
 -6.1008196776D-009  1.1163478252D-008  7.6442438360D-005 -4.5423703816D-004
 -1.0940727338D-005  2.2234585133D-005 -1.0949781185D-005  2.2568202806D-005
  2.7935767556D-005  1.0482804779D-004 -8.6344949249D-005  1.1656164975D-005
  3.3615648530D-008 -2.0992171001D-004  2.7909808985D-004  1.0240073902D-004
  1.2919060875D-007  1.9694483436D-005  5.1144192164D-005  8.5123828046D-005
 -4.7981865522D-005  8.8355579364D-009  6.2906205065D-008  7.5199884459D-005
 -6.4118786776D-005 -1.0525587913D-005 -2.3244170201D-005 -1.0455129861D-005
 -2.3038458045D-005  5.0332375100D-006  5.2417516600D-004  2.4963715992D-005
  8.5175809741D-006  2.7576329094D-008 -3.1554443541D-003  2.5539852777D-003
 -1.8274930643D-003  8.5072784226D-007 -7.3013923685D-004 -2.2818634636D-004
 -3.3255265545D-005  4.0438753791D-004 -2.5049758779D-007  1.2950580813D-007
 -4.6978900261D-005 -4.8273127236D-004  9.9274775126D-001  2.5681777061D-002
  1.0790370602D-003 -5.0942366662D-004  3.2169540909D-007  1.3904379991D-002
  1.5005606470D-003 -6.1097990785D-004  4.4135339191D-007 -7.6885266097D-003
 -8.0343191036D-003 -8.1543285128D-003 -2.3891848748D-004  1.5717089645D-007
 -8.5566190055D-008
  9.9262316887D-001  3.4808671130D-002  1.1411596332D-004  1.1765843425D-005
 -4.8118587459D-007  4.5118595056D-003 -2.5249212118D-004 -7.8427303275D-005
  2.4624416757D-007 -8.4942973981D-003 -8.5045090700D-003 -8.3874123819D-003
  1.9354695141D-005  2.8221839298D-008 -5.9376538647D-009  4.3783321702D-006
  8.1382489562D-005 -1.8592564300D-005 -3.1844338862D-004  3.3111963032D-008
 -3.4746026829D-004  1.0251931275D-004  2.2577188454D-004  1.1732942751D-008
 -1.9340970514D-005  2.2419883374D-004 -2.9565917203D-005  6.1154476300D-006
 -1.1663201287D-008 -4.2786009518D-008 -1.3346493584D-005  3.9502888429D-005
 -3.5471572329D-006 -8.0972958555D-005 -3.4987102438D-006 -8.1114793627D-005
  4.3835554908D-006  8.9090591287D-005 -2.8344014075D-004  1.6045582746D-004
  1.1997968260D-007 -2.7459711099D-004  2.2594374712D-004 -4.1895416940D-005
 -2.6371673952D-007  1.4871969944D-004  4.2590237099D-005 -2.9878206914D-005
 -1.1960151721D-004 -8.3075760294D-008  3.3052677085D-008 -1.1187355591D-005
  1.2832721226D-005 -7.3208952178D-006 -8.3213123899D-005 -7.3770420810D-006
 -8.3345158904D-005  4.0990324765D-005  2.1318984354D-004  2.7691997547D-004
  1.8036857963D-004  2.7658463412D-008 -7.6275739183D-004 -3.0369816514D-004
 -1.2682509914D-004 -1.4962359432D-007  1.3917317847D-004  6.2737618740D-005
 -1.2066630242D-005  5.8675897973D-005  3.4065516792D-008 -5.9527166693D-009
 -1.5682435552D-005  3.1777387411D-005  3.5705301594D-006  3.1859899194D-005
 -1.8315608812D-005  1.6729604032D-006 -8.6994485743D-009 -4.4990421584D-005
 -5.9362288855D-005 -5.8057973884D-006  3.4384794950D-008 -7.3934112700D-005
  1.6117904933D-005  2.0151485007D-005 -1.1988810167D-005 -1.0906106586D-008
 -9.3498947470D-009
 -1.2225697322D-004  1.8116807196D-004  1.0998688685D-004  1.8251797746D-004
 -5.4027574322D-008 -4.1415219779D-004  1.6835484580D-003 -4.9681536810D-004
  7.1434909325D-007 -5.2525061039D-004 -2.6935313350D-004  1.3903046790D-004
 -3.0397099224D-004 -9.4678848194D-008 -2.9358034934D-008 -6.3543743662D-005
 -2.1521863249D-004  4.3573750998D-006 -8.1395637136D-005  6.9034377723D-009
  8.4620977454D-004 -6.6758628062D-004 -4.6873396611D-004 -7.7576307365D-008
  2.2927605097D-005  1.6012443401D-004 -8.8550093909D-005  1.2478739961D-004
  9.0188031262D-008 -7.0022829469D-009 -1.2851122348D-004 -2.5223275717D-004
 -1.1064133066D-005  1.1102437386D-004 -1.1070245001D-005  1.1046861022D-004
 -1.7633025565D-004 -3.3217619140D-004  1.4646850500D-004 -4.1050159955D-007
  4.4359363237D-008  2.6873576293D-004 -6.0395166024D-004 -7.6244881507D-004
 -8.5705670407D-007  9.4307497594D-005 -9.1625292521D-005 -1.9961923083D-004
  5.7157902608D-005 -9.3963999140D-008 -1.5246316806D-007 -1.2250602144D-004
 -4.8133861972D-004  2.5099810013D-005  1.7010522630D-004  2.4832846536D-005
  1.6890359638D-004  9.9281124317D-001  4.8363770636D-002 -2.0700282808D-006
  7.1352966891D-004 -1.1259190224D-007 -5.4045669853D-003 -1.9550008964D-003
  2.5813212414D-003 -1.0188931042D-006 -8.3115333947D-003 -9.1512058526D-003
 -9.7965055451D-003 -2.4452188952D-004  3.6905756778D-007 -2.3838071251D-007
 -2.7219139933D-004  2.7116100724D-003 -1.0939623512D-004  4.9113097163D-004
 -4.6055345448D-006  3.9018687617D-005  8.8136821876D-009 -3.5587008242D-003
 -2.0395251239D-003  7.2635270858D-004 -6.1438328589D-007 -1.3304422869D-004
  2.4555356216D-004  4.3456750073D-004  2.4184923499D-004 -1.9447679356D-007
  1.0170205606D-007
 -1.3593626787D-004 -9.2578684534D-005 -7.0934806112D-005  1.8898818777D-005
  3.5059169198D-008  2.2555162498D-003  5.5734212207D-005  1.2561260297D-004
 -2.2029783050D-007 -5.1456953036D-004 -3.1321423107D-004 -7.8087359363D-005
  2.6423998856D-004  2.0289921310D-007 -1.2462930753D-007 -4.2613125037D-004
 -3.6060599929D-004 -1.0388608934D-004  1.1911625183D-004 -1.0996923404D-007
  7.1280438742D-004  8.8820577207D-004 -3.9257628083D-004  5.5481049265D-007
 -8.9423021980D-005 -2.3145239718D-006 -1.1230163368D-004 -5.6185008788D-005
 -1.9080217821D-007  3.9909836896D-008  3.3033810615D-005  5.4703232806D-004
 -8.7279034510D-005 -2.8619899502D-004 -8.7094515361D-005 -2.8650927640D-004
  9.9291344902D-001  4.9623027067D-002 -5.2992310678D-004  3.2667840356D-004
  1.4024328243D-007 -1.4897399229D-002  1.4805871744D-004 -2.5655733264D-004
  5.5802520096D-007 -9.0327322774D-003 -9.0748651976D-003 -9.1004280006D-003
 -6.9773078137D-005 -2.2896423149D-008  7.2503146415D-009 -8.4507912588D-005
  2.4923867629D-003 -7.3839738672D-005  2.7198639590D-003 -7.3834502194D-005
  2.7207609419D-003  4.7413179441D-005 -3.1804231594D-004 -2.9782882032D-005
  6.8873292169D-005  4.3631042120D-008 -5.2162859177D-005  1.4279345843D-003
 -1.4192771544D-003  2.0656643508D-007 -4.9966903021D-005 -5.4789266701D-005
 -1.3912059349D-004  6.4616870635D-005 -5.4072799069D-008  1.3536912129D-008
 -1.6671981853D-004 -8.0467574598D-004 -7.2151602587D-005 -3.2153479027D-004
 -2.3853939544D-006  1.5072648513D-005 -5.9946643977D-008  2.1359097891D-003
  5.4254010407D-004 -1.9797021481D-004  3.7006716973D-007 -1.3564080872D-004
 -2.2253419995D-004 -1.9479274834D-004 -2.8123157712D-005  4.3098642327D-008
 -2.2598498170D-010
 -1.1763379404D-004 -1.0942122801D-005 -1.8114965221D-005 -7.7037208595D-005
 -4.9466314926D-009  1.7967405024D-003  4.4704556444D-004  2.4745731540D-004
  4.0790494183D-007 -1.7893329408D-004 -6.3751616484D-004 -3.6076263622D-005
 -3.1964630060D-005  1.1035791168D-009  1.3474381341D-007  9.9290840888D-001
  4.9672215849D-002  9.5620938361D-005 -6.9056767232D-004  1.6304344679D-007
 -1.5001645472D-002 -2.6018498534D-004  4.3882363308D-004 -5.3855817564D-007
 -9.1215262376D-003 -9.0161873323D-003 -9.1083718652D-003 -1.0513646264D-006
  4.4838502651D-008 -2.4032248583D-008 -8.8606309584D-005  2.4035886288D-003
 -7.6216556692D-005  2.7430390136D-003 -7.6277196166D-005  2.7437105322D-003
  2.8996867546D-004 -3.3770689804D-004  2.6700046438D-005 -1.5503601970D-004
  8.3490386408D-008  8.2353499943D-004  1.6498165641D-004  9.0763463877D-004
 -9.0666331506D-007 -7.9096963946D-005 -3.4945009903D-005 -1.2331087085D-004
 -6.9320408499D-005  9.5946262311D-009  3.7506016370D-008  4.0157458000D-005
  3.9991752519D-004 -9.3327460900D-005 -2.9749139502D-004 -9.3234102981D-005
 -2.9869870643D-004  7.9012461210D-006 -2.3400291110D-004 -1.4897610272D-005
 -1.3072498483D-004 -3.5852831203D-010  1.0990777087D-003 -3.5272973869D-004
  1.8000800895D-003 -5.4242202603D-007  9.1032350531D-005  6.6930877282D-005
 -1.3363131255D-004  3.2092813444D-005  6.1254429317D-008 -2.9653529680D-008
  1.2084331429D-004  7.5602654057D-004  5.0941330014D-005  2.2288893392D-004
 -1.7926899292D-005  2.9328032221D-005 -6.0219086055D-008 -1.6495812325D-003
 -4.4918155256D-004 -1.4029947299D-004  1.1861710655D-007  1.0870613517D-004
  1.6582062103D-004  1.0749384077D-004 -5.9447979834D-006  3.7368830164D-008
  1.3882142147D-008
 -7.4937068074D-002  1.5278377100D-001 -3.9200786474D-002 -8.8445886830D-003
 -1.8417603391D-005  1.5432864893D-001 -2.7679569601D-002 -1.8213116816D-003
 -1.7528593001D-005  8.0497554245D-003 -4.4432667058D-004 -7.7124839889D-003
  2.9218851001D-003  9.4923353311D-007  7.9788955909D-007 -2.4363678771D-002
  4.3828229909D-002 -6.7894370976D-003 -3.0118924011D-002  9.2034581655D-007
  1.9624093213D-002  8.8393633787D-004 -1.4287197751D-003  8.7811704515D-006
 -6.8461522376D-004  5.1089127731D-003 -2.5773329450D-003  1.4532001130D-003
  5.0172908641D-007 -8.9688539720D-007  1.2703441896D-002  5.6753699769D-003
  7.7712968454D-003 -3.6245689991D-004  7.7707628150D-003 -3.7004432479D-004
 -2.0139104657D-002  4.0711796506D-002 -2.5160652328D-002  1.1808411850D-002
  5.5720602260D-006  1.4590791586D-002  6.9678211677D-003  5.0583662456D-003
  4.1977297451D-006  3.1991437116D-003  3.4629421527D-004 -9.9742938561D-004
 -2.9264019067D-003 -1.4166940218D-006  1.0462061656D-006  9.1979667416D-003
  3.6853266768D-003  6.7904187191D-003 -2.1397801017D-003  6.7946785761D-003
 -2.1333190828D-003 -1.2931275882D-001  2.5350066527D-001 -1.0568812743D-001
  9.3522860577D-002 -4.0936851515D-005  6.3529447821D-002  1.2190786264D-002
 -3.5543428453D-002  1.1223060818D-005  1.3582637157D-002 -8.0408028296D-003
 -2.1665121310D-002 -1.4425717331D-002  1.0736368045D-005 -6.1774755643D-006
  3.2516746509D-002 -1.5671539684D-002 -1.7267992532D-001  3.7282747808D-001
  1.3631364231D-001 -6.1334363586D-002  4.0147760674D-005  3.5690395607D-001
  5.3121986547D-002 -1.6456759261D-002  1.3825396578D-005  7.4578512076D-003
 -6.7702017346D-003 -7.3739301510D-003 -8.3517102685D-003  5.4415542460D-006
 -1.7236908488D-006
 -1.6823404350D-001  3.5027992951D-001  1.8501494953D-002 -6.2448361169D-003
 -4.0375590532D-005  3.5517764046D-001  1.2476602040D-002 -2.2015961646D-004
 -2.4005015365D-005 -1.3785581913D-004  3.7380081066D-003 -1.5135838237D-002
 -1.3073503114D-003 -3.9047138979D-006  1.5907696107D-007 -6.6482187475D-002
  1.2659338048D-001  4.6963376672D-004 -7.7335181405D-002  6.2783422825D-006
  6.3198468077D-002  2.2777722264D-003  4.3097301591D-003  6.7829329002D-006
 -3.7822866606D-003  1.2313269211D-002 -4.6922493587D-003  3.5209698639D-004
 -4.9144992292D-008 -2.3680567171D-006  2.4603288763D-002 -1.0938311102D-004
  2.6994735108D-002  3.1983903703D-004  2.6990824217D-002  3.0491172527D-004
 -7.6302760975D-002  1.4457917417D-001 -7.2391080392D-002  4.1936394483D-002
  1.8807662614D-005  7.5625576837D-002  3.7219672504D-004 -1.0073425405D-003
 -4.1862850772D-006  9.0078516702D-003  3.8312110822D-004 -5.7373179331D-003
 -8.3580554382D-003 -5.0036128139D-006  1.2514600605D-006  3.1546097891D-002
  5.4735229475D-003  3.0723763223D-002  1.2145117749D-003  3.0730304253D-002
  1.2101625710D-003 -8.3281930242D-003  1.7246454363D-002  1.8857320928D-001
 -2.5741281236D-003  3.2878151454D-005 -7.2655688583D-003  1.1366967202D-003
 -6.2832658232D-003  4.3665051941D-006  1.7911596686D-003  2.3615888450D-003
  5.1826903587D-004  2.0231179281D-002 -5.1348892888D-006  3.4058308868D-006
  1.0219108214D-002  3.0603775893D-003  9.3658104012D-002 -2.0819889447D-001
 -5.2181662552D-002  3.7818012610D-002 -1.8843754475D-005 -1.8480219729D-001
 -9.3418918719D-003  1.1235686791D-002 -5.2821127745D-006 -4.3733212803D-004
  3.8804123743D-004  1.7916191328D-003  3.7317570303D-003 -1.6975484898D-006
  1.2216156947D-006
 -8.7586721059D-003  1.8245102621D-002 -8.7243599693D-002  2.0560574840D-001
  1.1456851588D-005  3.0244377219D-002 -3.7334225263D-002  8.7895072335D-002
  6.8664638540D-006 -8.9609576199D-003  8.1877624488D-003 -7.4452576378D-004
  5.6079119344D-003  4.3873783729D-006 -7.5035356441D-006 -1.4323722842D-001
  2.8257730826D-001 -1.8077268597D-002 -2.6037175173D-002  7.2382738565D-006
  2.3685248683D-001 -5.3066054429D-004  1.2634264252D-002 -9.3497932372D-006
  4.6974373288D-004 -1.0964448738D-004 -1.7358201928D-003  2.3498358029D-003
  2.3669713994D-006 -1.4359750752D-006  9.5439083677D-002  1.8827148235D-002
  8.6726072699D-002  1.6530565277D-002  8.6738820416D-002  1.6543461064D-002
  1.3291027678D-001 -2.6279671431D-001  2.0488893339D-002  2.1814087014D-002
 -7.8372369367D-006 -2.2901003946D-001 -8.1176171794D-003  1.1956109534D-002
  5.8884934920D-006 -1.2543443761D-003  1.7889893070D-003  1.3668087792D-003
 -3.0540284710D-003  8.6367370495D-007  3.6406456066D-006 -9.9509977450D-002
 -2.5739128110D-002 -8.1225954273D-002 -1.5433049242D-002 -8.1232925852D-002
 -1.5426845361D-002  1.7638814969D-002 -3.6104059606D-002 -9.4184488872D-003
  5.1168582823D-002 -1.2243092611D-006 -2.2833032297D-002 -1.0823401957D-002
  8.5212469282D-003 -2.1998956588D-006 -4.2996757197D-003  3.8816870512D-003
  1.9671459397D-003  5.0520023052D-003 -4.6155507982D-007  1.2710660357D-006
 -3.1510523313D-002 -1.6256677961D-002  5.7121262206D-003 -1.1783753045D-002
  4.9556076509D-003  1.7331884137D-002 -3.1704409811D-007 -2.1384711669D-002
 -2.4402527778D-004  1.1166714709D-002 -1.9797664935D-006  1.1222515899D-003
  2.1523391594D-005  2.3603416888D-004  1.5968396307D-003  1.3016756241D-007
  4.8931084768D-008
  4.4889738755D-002 -9.7846307320D-002  2.3584940099D-001  1.2746839197D-001
 -2.8999738772D-005 -1.2436324369D-001  9.4300399256D-002  4.7501144512D-002
 -1.2366153036D-005  1.9652184050D-003  6.4048884485D-003  2.8221775873D-003
 -9.6990744526D-003 -6.5629247342D-006 -2.4529651479D-006 -8.7344962089D-002
  1.7335512382D-001  4.2171374500D-002  1.6457800456D-002 -1.1847404852D-005
  1.6037393615D-001  1.7098370987D-002  6.0471052788D-003 -4.5171767985D-008
  4.0129018654D-004 -4.6547657542D-003  2.1348560004D-003 -5.1974367451D-003
 -3.2044918378D-006  1.5565800087D-006  4.7733933857D-002  1.4513357789D-002
  7.0013221397D-002  2.0443829820D-002  6.9979517000D-002  2.0422276021D-002
 -1.1154948254D-001  2.2163298231D-001  5.3149733283D-002  2.3173283541D-002
 -1.5259809600D-005  2.1123429728D-001  2.2352349495D-002  5.4500645470D-003
 -6.2359163392D-006 -9.1369826591D-003  2.8341318557D-003  2.9701173578D-003
  1.3559016636D-003  5.1881209301D-006 -1.2812296655D-006  6.4167466504D-002
  1.3181743209D-002  9.0228664389D-002  2.5668494971D-002  9.0218294450D-002
  2.5668850228D-002  9.6509435249D-002 -2.0538768861D-001 -1.9875722010D-001
  1.2338240161D-003 -5.0879232293D-005 -1.2260943753D-001 -3.3660474288D-002
  2.6934634823D-002 -1.2406765495D-005  1.9317222427D-003 -1.2311145940D-003
  1.0403412601D-002 -1.3931291185D-002 -2.2218418123D-007  1.4972369766D-007
 -7.1761701321D-002 -1.1889057492D-002 -5.3379044564D-002  1.2171319880D-001
 -2.0805924335D-002 -5.7433528085D-003 -5.8458407010D-006  1.2514113141D-001
 -2.0164061719D-002  1.6707258162D-003 -6.7217782856D-006 -5.4156418118D-003
  3.6869765115D-004  2.9440128352D-004  1.7279057265D-003 -2.0967952287D-006
  5.1849269594D-007
  7.8208234139D-002 -1.7591191022D-001 -1.3453352617D-001 -1.0796800637D-001
  3.9542318825D-005 -2.6381872816D-001 -5.9607163985D-002 -3.9389375354D-002
  2.4507276303D-005  1.4330350575D-003  1.0977763369D-002  4.1180632980D-003
  4.8640054221D-003  2.5920728913D-006  7.3595186853D-007 -7.3638958620D-002
  1.4600881451D-001 -1.4852251978D-002  2.0547892516D-001 -2.6719708770D-005
  1.8649639565D-001 -6.2954604153D-003  6.4924811775D-002 -1.8280252738D-005
  9.9259478730D-003 -2.1504374597D-002  8.8869895380D-003  1.7897885077D-003
  2.8915908266D-006  4.1990903006D-006  9.8981167864D-002  3.4628706039D-002
  9.1961653793D-002  4.3622061483D-002  9.1973570795D-002  4.3631139464D-002
 -3.1388663646D-002  6.0667314517D-002  9.0809694206D-002 -1.4451926245D-001
 -1.8879202724D-005  8.7691872438D-002  1.6061625864D-002 -4.3514411586D-002
 -5.5309983799D-006 -5.4972906291D-003  1.0448498623D-003  3.5955825919D-003
  1.4507870841D-002  3.5896881433D-006 -8.0675933408D-006  9.5718530942D-002
  5.7659743263D-002  3.7102590873D-002  2.0847290087D-002  3.7103147797D-002
  2.0843286983D-002 -9.1355524842D-002  1.9565816162D-001  4.8032390058D-002
 -1.7502108031D-001  6.3620544220D-005  1.8484163233D-001  4.5705642951D-002
 -6.0013514280D-002  2.0756092892D-005 -1.2689100065D-002  7.4418117671D-003
 -7.6986177008D-003 -1.6380121981D-003 -1.5143811861D-007 -5.1022299227D-006
  1.6435690172D-001  8.7192483059D-002  4.5997578124D-002 -1.0757846067D-001
  3.3853392340D-002 -6.5555407720D-002  2.5687153943D-005 -1.2181562835D-001
  2.4665392976D-002 -3.5795248444D-002  1.6505805807D-005  1.5563150546D-003
  4.5515267681D-003 -1.5706223625D-003 -6.6688388296D-003  2.7320635787D-006
 -3.3045567484D-006
 -1.1638785686D-002  2.7300329433D-002  3.0320153358D-001 -5.5347837000D-002
  2.4172877141D-005  3.5604608804D-002  1.2826066245D-001 -2.6616399172D-002
  1.8471271847D-005 -4.1030259028D-003  3.8011860604D-003 -4.9541863862D-004
  7.0660177959D-003 -7.0839479467D-006  6.5731361741D-007 -6.2276808507D-003
  1.3417943597D-002  1.7412361835D-001  1.1093692320D-002  3.3718883898D-005
  1.6122024818D-002  7.9915998211D-002  5.3801623148D-003  1.2154838000D-005
 -6.8086857581D-003 -7.7316161090D-004  7.0849767501D-003 -6.1836616996D-003
 -1.7498540498D-005  2.0110780586D-006 -7.9379930990D-002 -4.4163068652D-002
  4.9839702557D-002  2.6747044966D-002  4.9744766961D-002  2.6699610148D-002
  3.5451803122D-002 -6.8897689792D-002 -1.9763341135D-001  1.5887020039D-001
  8.5353216716D-005 -9.9548666608D-002 -7.1695190146D-002  6.5464581037D-002
  2.6281388786D-005  9.6502491521D-003 -9.7133989899D-004 -9.5748885558D-003
 -1.5802736796D-002 -1.0535957010D-005  9.6131655957D-006 -9.1525290187D-002
 -4.5590671803D-002 -7.2280063658D-002 -4.1606067344D-002 -7.2288280694D-002
 -4.1611339595D-002 -1.5749404456D-002  2.9026585488D-002 -1.0953531142D-001
 -2.8629114787D-001  4.4839767641D-005  4.9309386224D-002 -1.5735673518D-002
 -9.5130480804D-002  2.1103494714D-005  2.7866680057D-004  2.5052834978D-003
  7.1970238345D-004 -9.7130127451D-003  5.2249765097D-007 -4.6686978619D-006
  1.4727521153D-001  9.0752834751D-002 -2.9084401956D-003  6.8057614340D-003
 -6.5609714336D-002 -1.3751332498D-001  2.0031679730D-005  1.4613718203D-002
 -3.3702581969D-002 -7.2050449546D-002  1.0461064461D-005 -9.1138208960D-003
  8.1911938619D-003  9.7326508674D-004 -8.1644082660D-003 -4.0919621698D-007
 -3.2967456497D-006
 -2.1236407058D-005  4.8349210035D-005  4.9035646070D-008  1.3748216652D-004
  2.8230673618D-001  7.4053239627D-005  2.9497201560D-006  6.1100507883D-005
  1.6422201424D-001  4.3416390391D-006  6.8853600613D-006 -1.1761311374D-005
 -2.0176261119D-006  3.6773677539D-003  7.8826840554D-004  1.4777104743D-006
 -1.6394311187D-006 -2.2392818965D-005 -6.6882802661D-005  2.4809785457D-001
  2.4376627068D-006  1.5155577347D-005 -2.0661496027D-005  1.0281803818D-001
 -2.7196957074D-005  6.6250068354D-006  1.8475837821D-005  2.8878924207D-006
  1.0906827460D-002 -3.0524345993D-003 -1.2864871761D-004 -7.1525132637D-005
 -1.1360942513D-001 -8.5011481117D-002  1.1365322039D-001  8.5014785578D-002
 -5.3156845325D-006  1.4009025276D-005  1.5734057853D-004 -9.9898248820D-005
  2.8960312461D-001  1.4078904720D-005  6.7286145627D-005 -5.0773196059D-005
  1.2737612615D-001  3.0010671167D-006  1.3733786530D-005 -1.3833306745D-005
  1.2708909115D-005  5.4929215584D-003  1.0978871988D-002  1.1797782963D-004
  7.6426555933D-005  1.3306134733D-001  9.6614783186D-002 -1.3310402997D-001
 -9.6645029572D-002  8.9427725434D-006 -1.9962964058D-005 -5.6954114137D-005
  3.4014766536D-006  1.3230771462D-001 -2.3623582813D-005 -1.3730196129D-005
  1.0805263624D-005  5.7696436059D-002 -3.0919381784D-006  3.8622380884D-006
  6.4058142787D-007 -2.9695922743D-007  7.4053688271D-003  6.6036796665D-003
  1.3063933715D-005  2.0543607714D-005 -4.8573198640D-006  1.0051201727D-005
 -3.0777823450D-005 -4.7416401221D-006  7.6406995005D-002  2.0395226014D-005
 -1.5778188069D-005 -5.0460087267D-006  4.0338383918D-002 -4.2566051205D-006
 -3.5534174794D-007  2.7124325751D-006  4.8085417067D-007  6.3851919883D-003
 -2.4521015097D-003
  8.7670650795D-003 -2.0973613890D-002 -4.6656554640D-002  2.8089243995D-001
 -3.1677650626D-005 -2.1038981380D-002 -2.3535949379D-002  1.3058164357D-001
 -1.9509084237D-005  5.6313253077D-003 -3.5369784150D-003  4.9296746493D-004
  7.9500236607D-003 -3.3898919362D-006 -5.0950127374D-006  1.3132365845D-002
 -2.3213430666D-002  1.9194666957D-002 -2.1237567984D-001  8.9061336850D-006
 -3.6581034542D-002  1.0611008151D-002 -7.5949962595D-002 -4.1703112068D-006
 -8.6744931481D-003  1.4331041653D-002 -7.2333039670D-003  1.7188818453D-003
 -5.7565138916D-006 -3.9115456631D-006 -7.1345538481D-002 -6.4347494269D-002
 -4.7468639712D-002 -3.1327977143D-002 -4.7521336328D-002 -3.1371645739D-002
 -3.6811874766D-003  4.7552885424D-003  2.6514591960D-001  1.2197567153D-001
 -1.6557020112D-004  1.2071513914D-002  1.1373942813D-001  6.7677908293D-002
 -6.9275295661D-005 -9.1763922938D-003 -4.7154492742D-003  1.5255063389D-002
  3.8475182083D-003  1.3808998009D-005  4.8275184888D-006 -9.0181682740D-002
 -5.5226908818D-002  1.0255524928D-001  7.2842016414D-002  1.0254123648D-001
  7.2841951922D-002 -6.2080072892D-002  1.4431897227D-001 -1.4440167234D-001
 -6.2675632328D-002  1.9437614251D-005  1.4382082916D-001 -4.0620388025D-002
 -2.6405864991D-002  1.0499870040D-005 -1.7001986637D-002  8.7256826498D-003
 -4.3179691366D-003  1.9951977156D-003 -2.6299229171D-006 -3.2273294071D-006
  8.9668659258D-002  5.0084679593D-002  6.7357453511D-002 -1.3701341524D-001
  1.7730247850D-001 -1.5928227765D-001  9.1933229538D-005 -2.9001699689D-001
  8.0258898528D-002 -7.7238094769D-002  4.4996631192D-005  1.4630044593D-002
  1.1015732350D-002  2.6910209009D-003 -1.1968651539D-002  6.9902678676D-006
 -5.1387234008D-006
 -8.0470045835D-003  2.0472486310D-002  6.7722411841D-002  2.5188695783D-001
 -1.2448887016D-004  2.5174981527D-002  4.4790173816D-002  1.1530745504D-001
 -7.0425930841D-005 -1.3648926274D-002  1.4937196289D-002 -1.0739477015D-003
 -9.8006967894D-003  8.9476202624D-006 -1.8663311771D-005 -1.1712197597D-002
  3.1606110832D-002 -2.2262165431D-001 -2.2548001334D-001 -4.0367544775D-004
  4.1882350571D-002 -1.0690763875D-001 -8.2809670773D-002 -2.1645090310D-004
 -2.0447616008D-003  1.4163609268D-002 -1.5761472354D-002 -7.4181444736D-003
  8.4982553771D-006 -1.6578192040D-005  8.3755319890D-002  4.6821264658D-002
 -1.0758454899D-001 -9.9231002367D-002 -1.0781155609D-001 -9.9370844613D-002
  2.0256769440D-003 -5.7803110602D-003 -8.6029286593D-002 -2.3621237145D-001
  3.0417998978D-004 -1.1535716414D-002 -4.2656350071D-002 -1.1554048204D-001
  1.3986290118D-004 -1.0891686616D-002  1.9076490019D-002 -9.1275404500D-003
  9.7798714326D-004  1.1670591726D-005 -7.9532289385D-006  1.7209423625D-001
  1.4978209425D-001 -7.0398106553D-002 -6.2255617269D-002 -7.0597663604D-002
 -6.2398654893D-002  2.7784311906D-002 -7.1757667755D-002 -7.8458958623D-002
 -2.0322724215D-001 -6.5098120461D-005 -4.3347407862D-002 -3.4157165828D-002
 -4.1571288943D-002 -5.0956616154D-005 -5.3509882187D-003  1.4433012188D-002
  3.4423360238D-003  1.6922063965D-003 -1.8673796583D-006 -8.4205909346D-006
  1.0486084488D-001  1.2363374125D-001 -1.2763003758D-002  2.5877929172D-002
 -1.3619278502D-001 -5.7146208714D-002 -1.0591666025D-004  4.7734135690D-002
 -8.0320271098D-002 -3.2031522997D-002 -6.4551107647D-005 -1.3196764435D-002
  6.7004115031D-003  2.1023558210D-004 -1.8311558129D-003 -9.1876150526D-006
 -2.1345178627D-008
 -1.0115504499D-005  2.1473807082D-005  1.1865342945D-005  2.9030161142D-004
  3.0308288515D-002  4.8700804384D-005  3.8817739822D-005  1.2808661833D-004
  2.2013832768D-002 -2.3699700875D-005  1.7435509905D-005  2.6479629447D-006
 -9.0018264200D-006 -7.6738836918D-003  1.2196394081D-002 -1.3277107953D-005
  3.7874274411D-005 -1.6548876298D-004 -2.0235965618D-004  3.3624449179D-001
  3.4023360183D-005 -9.3368355375D-005 -7.4993095623D-005  1.5669326535D-001
 -4.1808405150D-005  1.8619692472D-005  1.8632077575D-005  3.1181180041D-007
  1.5087025965D-002  9.3515313322D-003 -1.3777910180D-004 -1.2386492474D-004
 -1.7146660378D-001 -1.3530737522D-001  1.7145771964D-001  1.3528275790D-001
 -3.5224048939D-006  7.5025820486D-006 -1.8673166327D-004 -3.2300103835D-004
 -3.2787307063D-001 -1.5396572872D-005 -9.7570422778D-005 -1.8281422772D-004
 -1.5846151786D-001 -3.0306925644D-005  1.2921189698D-005  1.7161866780D-005
 -3.0467745682D-006 -1.8025583712D-002 -5.4652380038D-003  1.5516577700D-004
  1.2542873891D-004 -1.6953019577D-001 -1.3305912219D-001  1.6945782966D-001
  1.3299450207D-001  4.0464098405D-005 -9.9371873470D-005 -5.3792724069D-005
 -1.9904775433D-004  3.6112031272D-002 -5.7766807439D-005 -4.4315072454D-005
 -3.1153165396D-005  1.5864652703D-002 -4.8859758839D-007  1.4794251257D-005
  4.4878300004D-006  4.4098583933D-006 -1.0877304736D-003  2.7876758908D-003
  9.5007840716D-005  1.2096068904D-004 -3.0451673507D-005  6.8049652699D-005
 -2.1826542300D-004 -4.5713802148D-005  3.7916626470D-002  1.0370964684D-004
 -1.3319408358D-004 -2.5877952485D-005  2.5061041427D-002 -1.8635302561D-005
  6.5500174147D-006  3.3866385270D-006 -2.4935369758D-008  2.8259591204D-003
 -7.2922461913D-004
 -3.3100275438D-004  1.1345086115D-003  5.3992268596D-002  2.3586718133D-002
 -6.9448798417D-005  1.1447766425D-003  1.9067551598D-002  3.0608693239D-002
 -4.5201709106D-005  4.6135960158D-005  2.1334421976D-003 -5.2450772759D-004
 -2.8332837235D-003  4.6186514909D-006  2.6263052575D-006 -3.5266113043D-003
  5.2246079292D-003  1.5866919136D-001 -2.3122998757D-002  2.2312078401D-005
  1.5758668598D-002  6.7110021143D-002  1.4067714567D-003 -1.1957014020D-005
 -7.5860846561D-003 -1.9484664512D-004  5.2035618083D-003  4.8481778921D-003
 -1.9028199348D-005  3.9855699107D-006 -9.7754249685D-002 -9.8755406017D-002
  4.4797176984D-002  3.1187774881D-002  4.4681720948D-002  3.1112519919D-002
 -1.6449826878D-003  7.4112129958D-003 -1.7334484704D-001 -2.1917082537D-001
  9.4035781985D-005  9.0514423090D-003 -7.4386752410D-002 -9.9522557551D-002
  4.5547481307D-005 -4.9712072180D-003  1.7649341174D-002 -1.1492532187D-002
 -1.4545098771D-003 -7.2216494785D-006 -1.1015847373D-005  1.6511348731D-001
  1.3305569379D-001 -9.0973923988D-002 -7.8194564151D-002 -9.0906865056D-002
 -7.8126381408D-002 -1.8161755867D-002  5.3370855485D-002 -2.1442127420D-001
  1.9554748630D-001 -1.8699971660D-004 -1.5505786257D-003 -1.5846775942D-002
  3.8212839033D-002 -6.4446218054D-005  1.3420779666D-003 -1.2728752543D-002
 -4.1433593028D-003 -7.9114965783D-003  2.5600400297D-006 -9.9326619651D-007
 -1.0093533999D-001 -9.4898582473D-002  5.8253076326D-002 -1.1717041335D-001
  3.5127872523D-001 -1.3773638594D-001  1.3880509327D-005 -2.5410860819D-001
  1.9104135524D-001 -7.4651313861D-002  4.7709128249D-006  2.4658579946D-002
  2.2058920580D-003 -1.1606548002D-004 -1.0107489617D-002  1.8433430671D-006
  3.4532456088D-007
 -3.5335663309D-003  9.1482063719D-003 -1.8333864035D-001  1.3522737300D-001
  8.7783359483D-005  7.8028078307D-003 -7.9525530155D-002  4.8109746842D-002
  4.5989445013D-005 -7.5310853590D-003  4.4303433699D-003  1.1550290548D-003
  1.4742105218D-002 -8.7350261644D-006 -1.1978167984D-005 -1.7499298629D-003
  6.4743589555D-003  3.3193930042D-001 -1.3340648330D-001 -1.9995265475D-004
  2.1570019276D-003  1.6930311599D-001 -7.6812705788D-002 -4.7176009008D-005
 -1.7889294028D-002  7.3875868779D-003  9.5603895779D-003  1.7747251234D-002
 -5.9487151646D-005 -8.5413697240D-006 -2.3255799878D-001 -1.6423984652D-001
  8.0270936613D-002  6.8160095458D-002  7.9695306938D-002  6.7607465100D-002
  1.8241255497D-002 -4.3508840899D-002  1.2992227031D-001 -1.8356785543D-001
 -7.1879606189D-005 -7.6467862467D-002  5.3282036717D-002 -8.1941879990D-002
 -3.5281487998D-005 -8.0834231176D-003  1.0606435763D-002  2.0817735010D-003
  9.2797280581D-003 -1.1914589281D-006 -9.4816855514D-006  9.4610525823D-002
  1.0025171660D-001  4.0604670360D-003  1.7481546621D-002  4.1213633888D-003
  1.7559958892D-002  1.1376554645D-002 -2.9734227071D-002  1.7209813357D-001
 -3.8938813953D-002  2.4591557345D-004 -9.3610184886D-003  2.6202445931D-002
  5.7678615739D-003  1.1788664317D-004 -1.9459474546D-003  6.8651739739D-003
  2.3128851477D-003  1.0548426025D-002 -6.5543760086D-006  8.3337683225D-006
  2.7279484802D-002  4.0601844375D-002 -4.3314516819D-002  9.1163322639D-002
 -2.2962662147D-001  9.5158073342D-002  1.4425274281D-004  1.8406398434D-001
 -1.2972721127D-001  4.5387938331D-002  8.8900766584D-005 -1.3883638574D-002
 -3.4248911684D-003  9.4237617046D-004  5.4497891924D-003  8.9684278333D-006
 -3.6731014790D-006
 -3.8248090437D-006  9.8893475701D-006  1.5594010764D-004 -8.9235627842D-005
  1.4338661681D-001  1.1590746795D-006  9.2737254425D-005 -4.0927616337D-005
  8.5459637525D-002  9.1898012657D-006 -3.1998680392D-006 -3.3311200847D-006
 -1.5248022459D-005 -1.4313451954D-002 -8.5659687405D-003  2.4603019275D-006
 -1.2181842849D-005 -1.9310815305D-004  7.0036204708D-005 -1.6109738071D-001
  2.2324883293D-005 -1.7183388192D-004  4.8093742160D-005 -4.8419558014D-002
  2.9558459116D-005 -8.0690244520D-006 -2.1302362503D-005 -1.4047622681D-005
 -1.0494580390D-002 -1.0388733993D-002  2.2486208776D-004  1.2147810156D-004
  9.6005962171D-002  1.0433689742D-001 -9.6183363142D-002 -1.0445831801D-001
 -1.7630213927D-005  3.8889645110D-005 -2.0156504763D-004  4.0636500675D-005
 -1.0268562976D-001  7.1884256226D-005 -6.9106579185D-005  3.8452276162D-005
 -3.7427394098D-002 -7.4706078145D-006 -4.4260070564D-006  4.6828901208D-006
 -8.0201074144D-006 -1.1388491553D-002 -1.2411974547D-003 -1.9102207467D-005
 -1.9492571058D-005 -6.4855277980D-002 -7.0790645541D-002  6.4800856592D-002
  7.0697375305D-002  3.2927596673D-006 -1.5042289699D-006 -2.3691874053D-004
  1.4047085492D-004  3.5862490339D-001 -2.6814067786D-005 -5.5768290336D-005
  5.5412625387D-005  2.0553118369D-001  7.9245890337D-006 -1.4321283487D-006
 -9.7511673646D-006 -1.5761770043D-005 -1.1897847706D-002  1.2503109058D-002
 -3.6624024497D-005 -4.0564066171D-005  3.3043813280D-005 -6.9747178574D-005
  1.3590359345D-004  1.6962232891D-005  4.0380345461D-001 -1.3898663634D-004
  7.7106298673D-005  1.8721458406D-005  2.4569909787D-001  3.9254931908D-006
 -2.8678471519D-006  1.1199193237D-005  3.6285614189D-006  2.5051519929D-002
 -1.1499866878D-002
  3.7618867671D-002 -6.8072160413D-002  1.5005427957D-001  7.8626688672D-002
 -3.0867016583D-005 -3.4720037223D-001  1.3119390603D-001  7.5043553031D-002
 -2.9356560342D-005  6.8072276613D-003  7.1141080268D-003  4.4107216282D-003
  2.0912344118D-003 -1.2363907955D-006 -2.0116684352D-006  3.8294919422D-003
 -9.1624000936D-003  5.1466940232D-002 -6.3369851613D-002  6.5235639143D-005
 -3.5781694025D-002  4.1295613496D-002 -8.8626105583D-002  1.1668550066D-004
  1.7320557347D-004  5.4189668108D-004 -1.4173690731D-003 -6.2535956158D-004
 -1.4161004543D-006  4.3646804006D-006 -1.6383075030D-002  8.0105511294D-002
 -4.1825127701D-003  2.4004449879D-004 -4.1658725126D-003  2.1790530156D-004
 -5.8458180091D-004  2.9074870074D-003 -4.3790464655D-002  3.7235590118D-002
  6.0207365929D-006  5.5959125021D-003 -4.0579099382D-002  3.7910583729D-002
  6.3485206445D-006 -2.0793706041D-003  4.6702915388D-003 -1.8067997688D-003
 -2.0017297175D-003 -1.6313046415D-006  1.0484346633D-006  6.4992370958D-003
  3.8991395369D-002 -1.4087560433D-002 -1.7427759040D-002 -1.4072636404D-002
 -1.7407404379D-002 -1.1363917033D-002  1.3310053388D-002  7.4489867462D-003
 -6.5750465512D-002  1.8060228756D-005  1.0097231564D-001  1.3608093819D-001
  7.2629544415D-002  1.0542028828D-005 -3.6965838645D-002  3.8804913276D-002
  8.3244166856D-004 -2.9198026320D-002 -4.1906475220D-006 -1.6961168653D-005
  1.5790101436D-001  2.5167955225D-001  1.8601409832D-003 -1.4305399957D-002
  2.4682684201D-001  5.4149907120D-001 -6.3330345604D-005  3.3840857065D-002
  1.8108656033D-001  3.7036014766D-001 -3.9504260219D-005  1.2381981246D-002
 -1.6545604936D-002 -3.1501727516D-003  1.4869127234D-002  6.6530957783D-007
  5.7785615833D-006
 -1.9868018941D-005  4.1415894933D-005  5.4160547797D-005  9.3452871913D-007
  4.8690889068D-001  7.6489322783D-005  4.2202306868D-005 -2.3763984540D-006
  4.0888668835D-001  3.8455700083D-006 -4.2726326778D-007 -8.3393484531D-006
 -2.6003859610D-006 -6.1386586018D-003 -5.4069329578D-003  1.0277264768D-005
 -1.7761822719D-005 -2.3446226926D-005  1.7576918202D-005 -9.3989925804D-002
 -5.9527121991D-005 -1.5850060693D-005 -1.5512709351D-005 -5.1637312868D-002
  1.9793295291D-005 -5.7820648487D-006 -1.0990704624D-005 -5.1634403028D-006
 -9.5533095795D-003 -2.4136467753D-002  1.1385472750D-004  1.6876007254D-004
  9.4392219281D-002  1.2715946989D-001 -9.4486344494D-002 -1.2723912927D-001
  3.6289991621D-006 -5.9371616676D-006 -1.0021606968D-005 -1.5670609150D-005
 -9.8187308948D-002 -3.3432796088D-006  3.0362556919D-005  1.6629346856D-005
 -1.3720025013D-002 -1.8512730777D-005 -5.0539638177D-006  2.4924726770D-005
  1.5300872203D-006 -2.6888141166D-002  5.3795538309D-003 -3.3090016365D-005
 -3.0304225924D-005 -9.9996265665D-002 -1.5626652824D-001  1.0004045793D-001
  1.5631693368D-001  7.3000749820D-006 -2.0763199838D-005 -5.0092739750D-005
 -1.2736270019D-006  2.1276448814D-002 -2.2336027914D-005  2.8541993388D-005
 -1.0961334636D-006 -2.2533431796D-004 -1.0290473473D-005 -4.0013900235D-006
  1.3203116848D-005  9.0907247420D-007  3.9332461878D-002  4.9430890475D-005
 -1.1879230753D-005 -6.2396007256D-006  1.7055138580D-006 -5.9527547481D-006
  1.4055162015D-004 -6.2428145370D-005 -3.6396164330D-001  1.1619542367D-005
  1.0477346025D-004 -5.2574783884D-005 -2.7416310704D-001  6.5064638123D-006
  1.7537028170D-006 -8.9991887956D-006 -4.9238382717D-006 -1.4039969688D-002
  7.4987410544D-003
  1.0344480611D-005 -3.0233032310D-005 -4.4203028251D-005  7.4012461374D-006
 -2.7757006020D-001  2.1586595191D-005 -1.0113419682D-004 -5.2988286928D-005
 -3.1671098167D-001  1.2639518526D-005 -1.2912808522D-005 -2.7894016776D-007
 -5.8091331642D-006 -2.4371624039D-002 -1.5354793785D-002  2.2194801633D-006
  4.6990674428D-006  2.6019524262D-005  1.5525101646D-005 -3.3304199513D-002
 -1.1860917233D-005  8.0375313973D-005  2.7415050786D-005 -1.5690828138D-001
 -7.5990697594D-006  8.4367159248D-006  5.3918874350D-006  4.2226425086D-006
  2.5780754447D-003  1.8184334385D-002 -6.2865575668D-005 -1.8088124430D-004
 -5.0538785802D-002 -2.3766479887D-001  5.0595700914D-002  2.3780384822D-001
 -3.9952096264D-005  9.9704034732D-005 -6.1499207119D-005  6.3829931359D-005
 -4.3038697805D-002  3.5790878311D-004  1.2545972457D-004  1.7316243605D-004
 -2.9622929425D-002  2.3175282010D-006  8.0562388282D-006 -1.4058363502D-005
 -4.5066654535D-006  1.5200137625D-002 -9.3020908176D-003  4.7115515762D-005
  1.4230686351D-004  3.5088926993D-002  1.3272398198D-001 -3.5131042374D-002
 -1.3339184180D-001  7.1394051444D-006  3.8943314071D-006 -9.0077101473D-005
  1.7744427236D-004  5.2017226741D-001 -2.2802224399D-004 -1.9766050307D-004
  2.4832055934D-004  6.1212808446D-001 -1.1680665508D-005 -3.3999397880D-006
  1.4982643473D-005  1.3628472209D-005  1.3452063009D-002 -2.3958183582D-002
  3.9340459334D-005  2.1158907191D-004 -9.0568398048D-008  1.0402697253D-006
  4.7921060000D-005 -9.4416702497D-005 -3.7626613737D-001 -1.9051664265D-005
  6.2400820542D-005 -1.1422937963D-004 -4.2352533081D-001  1.9520003673D-006
 -2.8984592331D-006  1.4708846343D-006  3.5970569343D-007  1.3043567051D-003
 -4.0396106431D-003
  6.0240934622D-003 -2.0284130214D-002 -4.2897911169D-002 -3.2698036774D-004
 -6.9268723244D-005 -1.5364688983D-001  1.4035128131D-002 -1.9549544106D-002
 -3.3304826459D-005 -8.7591000861D-003 -1.1466374805D-002  1.0316057290D-002
 -7.2665648632D-003 -4.5996845020D-008 -3.4678208776D-006  7.5648412437D-002
 -1.0674438209D-001 -1.0803014111D-001 -7.3859932735D-002  2.9769303478D-005
 -1.0884996930D+000 -2.2657678725D-001 -3.0619473303D-001 -7.6892724977D-005
  8.7480029892D-003  3.8133249697D-003  8.2412587048D-003  3.3483873086D-004
  4.4022176277D-006  9.5316597502D-006  2.2387669413D-002  2.3247831069D-001
  1.1926735088D-002  7.0503743421D-001  1.1976666908D-002  7.0487713795D-001
  9.7965358079D-002 -1.3065522461D-001 -1.6127673138D-001  8.2056658645D-002
  1.2845590433D-004 -1.6004331809D+000 -5.0850835099D-001  2.7055166313D-001
  4.1085937402D-004  3.0387731938D-003  6.4416580082D-003  1.1940844640D-002
  6.6505535797D-003  6.0641274243D-006 -1.1209667853D-005  2.9915995777D-002
  7.8291055458D-001  2.4798479133D-002  8.7200723071D-001  2.4821130720D-002
  8.7236249098D-001  3.6485092806D-002 -8.9196344462D-002 -3.7626933685D-002
  1.1054874845D-001  3.5501343907D-005 -3.0659961807D-001 -1.3610460970D-002
  3.1808527380D-001 -1.9175868142D-005  7.8584667029D-003 -2.8989723590D-003
 -6.8445857903D-004  7.6726922490D-004  2.0593857260D-006 -3.2481018840D-006
  2.3558680678D-004  4.9815679403D-001  3.3157716824D-003  7.2235154701D-003
 -2.1210848654D-003 -7.7959204882D-002 -2.0931653506D-005 -8.0013125126D-002
 -5.4002321943D-002 -1.0041194564D-001 -2.5475779024D-005  1.0195692478D-004
  8.3234215182D-003  5.2864357617D-003  1.0055552377D-003 -2.4126641627D-008
 -2.2229581478D-006
 -2.8550671178D-002  5.3918443110D-002 -3.8907242502D-002  5.3482270529D-002
  1.5449224566D-005  4.3894675874D-001 -1.3431877505D-001  3.9521490207D-005
 -2.0498928222D-005  2.4715296761D-002 -1.6760692280D-002 -1.3472817578D-002
  6.6488566373D-003 -1.7027221571D-006  5.0473267850D-006 -9.2775729767D-003
 -3.9349588146D-003  5.9460748538D-002  1.8766495260D-001  1.7595461286D-004
  4.3125835190D-001  2.6619261804D-001  5.1353449280D-001  6.4785359228D-004
  1.8669791997D-003  9.6837937971D-003 -1.1380709523D-002 -2.3535588278D-003
 -1.6237821056D-006 -4.4432352060D-006  1.1209010092D-002 -6.6566501421D-002
 -2.9851166616D-002 -4.9796817554D-001 -2.9916885252D-002 -4.9900461239D-001
  7.9472241123D-003 -1.2567970029D-003  1.2777365451D-001  2.8624096404D-001
 -1.3752232874D-004 -1.4594959652D-001  4.3293672887D-001  7.7523092603D-001
 -4.7344507983D-004 -3.4739151228D-003  1.0435833783D-002 -6.1511992988D-003
  2.1172026560D-003 -8.2962187438D-006 -1.0273507577D-006  6.7788699458D-002
  1.2105314369D+000 -2.5090235447D-002 -4.9747997271D-001 -2.5067772088D-002
 -4.9741599284D-001  4.4551196844D-002 -3.4116444048D-002  3.2910969240D-002
  2.4386902785D-001 -1.6108373498D-004 -9.1218208489D-001 -1.0085273520D-001
  4.8625811966D-001 -2.6669916925D-004 -1.5470781750D-004  2.7877300870D-003
  2.8723821261D-003  4.0347923640D-003 -7.6596487582D-008  7.7368203864D-006
  4.0019073130D-002  1.0507893805D+000 -5.9122605258D-003  1.6126116041D-002
 -9.6324399266D-003 -6.6994955896D-002  6.2168965142D-005  2.4288989961D-002
 -8.9270010844D-003 -1.2757687390D-001  9.4385218472D-005  6.2004453130D-003
 -2.1939236909D-003 -3.1497563727D-003 -3.2698470816D-004  8.0628344836D-007
  2.6124677495D-006
  6.8974052819D-003 -1.8010733714D-002 -9.7392061390D-002  1.2838946766D-001
 -2.1436464786D-004 -3.7292429226D-002 -3.3892442791D-001  3.7322254009D-001
 -6.0484678795D-004  1.2120212943D-002 -1.5170183345D-002  1.5416686105D-003
 -1.2071459437D-002  8.7280134426D-006 -1.2069278383D-005  1.0958333495D-001
 -1.4137040886D-001 -9.7075339691D-002 -5.7466280494D-002  2.9538055825D-004
 -1.7524346106D+000 -3.1667325560D-001 -2.5650802824D-002  8.1325466940D-004
  3.0910132920D-003  1.0051258263D-002  1.1096360706D-002  9.6473483325D-003
 -2.4945556633D-005  1.9761817172D-005 -3.4879499875D-002  2.3946254103D-001
  4.7125214909D-002  9.6728702818D-001  4.7059162239D-002  9.6496261985D-001
 -1.1452532208D-001  1.4684353598D-001  5.3551449444D-002  3.5115617695D-002
  7.0253513148D-004  1.8477640010D+000 -4.8488066767D-003  2.7007299268D-001
  2.1541289783D-003 -1.7077919171D-002  7.8448074090D-004 -7.7995649920D-003
  3.4207707279D-003 -2.9533584937D-006 -3.7184685486D-005  3.0514621208D-002
 -3.8172077961D-001 -3.7509437787D-002 -8.6321205812D-001 -3.7281729282D-002
 -8.5845342443D-001  5.7725642252D-003 -1.6016573498D-002 -3.0346921842D-002
  6.4220160211D-002 -1.1172976804D-004 -5.0801874437D-002 -2.8896667103D-001
  1.3878888949D-001  6.5420588440D-005 -9.2236446621D-003  1.1213857420D-002
  2.5603497105D-003  1.1647646944D-002 -5.8546803966D-006 -6.0108117794D-006
  3.7290740068D-002  3.1757192512D-001  2.2382928600D-002 -3.3566765018D-002
 -6.6363432589D-002 -1.3337854111D-002 -9.7145646341D-006 -3.0024678085D-001
 -1.3960741028D-001  2.5185521297D-002 -6.1145853335D-005  2.3388779468D-003
  9.6155782639D-003  8.5661883191D-003  6.7953970378D-003 -8.0078094492D-006
  4.7943685435D-006
 -2.7903793187D-002  2.7163751728D-002  1.4879472744D-001  7.4012736460D-004
  6.7972521685D-004  5.0668367733D-001  3.1601610892D-001  2.5913606053D-002
  1.8499117558D-003  2.4124563365D-003 -1.2982519751D-002 -1.1376230712D-002
  2.9408010097D-002 -1.0267862552D-005  2.8797747208D-005  7.4545655683D-002
 -1.0816830683D-001  1.9610568107D-001 -6.6815259242D-002 -9.7407999620D-004
 -1.2019448409D+000  6.4185802524D-001 -1.1357590816D-001 -2.7882020353D-003
  1.3563740078D-002  5.7371642804D-003 -7.5272265720D-003 -2.1089153350D-002
  5.0483993919D-005 -6.0405301794D-005  1.1694045802D-001  1.4724739497D+000
 -3.8346992725D-002  8.2388275111D-002 -3.8251306531D-002  8.9681847669D-002
  4.8182037979D-002 -7.9544012300D-002  1.5637469344D-001  2.1599603488D-002
 -1.8159168480D-003 -6.4815126999D-001  6.1742163664D-001  1.7331570652D-001
 -5.7231230590D-003 -1.3199595695D-003  2.4743863183D-002 -1.6086536829D-002
 -1.3180951956D-002 -1.0971841824D-005  6.7448041292D-005  8.8319993409D-002
  7.8528013130D-001 -6.0917201568D-002 -2.0888635566D-001 -6.1263507485D-002
 -2.2035725287D-001 -6.1745417423D-002  1.1072350554D-001  5.0024395907D-002
 -1.3300213563D-001 -8.1003917405D-005  8.9064247745D-001  9.2794367390D-002
 -3.3970423293D-001 -6.0370908278D-004 -2.6111341921D-003 -1.2579663262D-002
  2.9124464008D-003 -3.0143694370D-003 -1.9724850301D-006  2.9148340578D-005
 -7.0787679550D-002 -9.4447999179D-001  1.6594365259D-002 -4.6559883663D-002
 -2.5711320811D-002 -2.6074548274D-002  2.2516600459D-004 -9.7598837454D-002
 -4.9749111411D-002  3.8881452041D-002  2.8402494206D-004 -8.1461848237D-003
  4.9816729631D-003  1.6438438689D-003 -1.6856437813D-003  1.7319197675D-006
 -1.1022592069D-005
  5.5973997939D-004 -8.7592440928D-004  2.8954497817D-004 -5.1071438137D-004
 -1.5963143623D-001 -8.1899756584D-003 -1.8422383625D-004 -1.8367356919D-003
 -4.4083211659D-001  1.9799135593D-004  8.9535660899D-005  6.1355167223D-005
  2.0504779462D-004  4.7827087140D-003 -9.7420524656D-003 -1.9388693988D-004
  1.4628282679D-004  1.0179114693D-003 -1.0557961826D-003  1.9620809089D-001
  3.0456517333D-003  3.7678817443D-003 -4.3690567948D-003  5.6375223007D-001
  1.4288821100D-004 -1.1076553981D-004 -5.2117714458D-005 -1.4909393799D-004
 -1.6608686823D-003  1.4324970558D-002  7.8991150832D-004  6.3016281262D-003
 -1.7029838441D-002  5.7525781070D-001  1.6546241895D-002 -5.8052469692D-001
  1.5409691140D-004 -3.0028335673D-004  1.6047613314D-004  1.0157735602D-003
  4.0198566794D-001 -2.2826686993D-003  1.1183067380D-003  4.6100269250D-003
  1.2855009300D+000 -6.9144259210D-005  1.7643835872D-004 -4.9901993210D-005
  4.4254451209D-005 -3.1459170018D-003 -1.5572737256D-002  7.2205694864D-004
  6.4528481696D-003 -5.9099597020D-002 -1.3897382371D+000  5.8556470323D-002
  1.3881224678D+000 -5.8628330120D-004  1.0686686115D-003  9.9921073820D-004
 -6.0418538081D-004  3.2663792527D-002  6.8191591859D-003  2.3318156702D-003
 -2.5245805815D-003  1.7604360032D-001 -7.2900532640D-005 -1.1893058681D-004
  3.5834339496D-005 -6.6174897144D-005 -7.7239078503D-004 -8.8358249035D-003
 -7.0757046542D-004 -7.7356148317D-003  5.9445231420D-005 -3.8292395270D-004
 -4.1149700198D-004 -4.2752602567D-004 -3.5210378554D-002  6.3996156454D-004
 -1.7614308697D-004 -1.9536079876D-004 -6.5269930986D-002 -8.0207459109D-005
 -5.1137654595D-005 -5.0097998080D-005 -1.9058332626D-005 -1.5307950005D-003
 -6.3715082696D-005
 -1.4734448811D-001  2.1081661873D-001  1.3384785205D-001  6.3280051908D-002
 -7.3829996946D-004  2.2839699623D+000  5.5068455784D-001  2.4033693041D-001
 -2.1410283429D-003 -4.0816661880D-002 -2.7968174046D-002 -2.7000506349D-002
 -1.2437669859D-002  3.6047472455D-005 -7.6026632391D-005  6.3850520499D-002
 -6.8141576070D-002 -4.9084825830D-002  2.0271973174D-001  3.2804929963D-004
 -1.0202590515D+000 -3.3778395603D-001  8.6713293670D-001  7.2671899859D-004
 -2.2036444798D-002  2.6975018387D-002  8.4717774154D-005  7.4336922794D-003
  2.5793736930D-006  7.0423687207D-005 -6.7794420586D-002 -2.4950488951D-001
  1.0161491479D-002  3.0988035771D-001  1.0563664672D-002  3.0777027970D-001
  5.7605964749D-002 -5.6405755848D-002  1.4027645703D-001 -1.6613938154D-001
  2.0318494276D-003 -9.4886032369D-001  6.2920956022D-001 -8.2503545142D-001
  6.5748968788D-003  1.7592267932D-002 -1.2354813150D-002 -1.2827350733D-003
 -2.5216900406D-002 -3.9530009707D-005 -6.4587072513D-005 -6.5292460526D-002
 -3.6810172930D-001  4.0583694167D-003  2.4263311673D-001  4.7636741644D-003
  2.5713678846D-001  4.8318431351D-002 -8.5110464738D-002 -1.4295944566D-001
 -6.4757181186D-002  6.6415645486D-005 -4.0225306082D-001 -2.3435272949D-001
  2.8434171357D-002  7.5080319389D-004  1.0855113913D-002  1.0320571691D-002
 -5.1717636796D-003  9.2806636848D-003 -8.2555282653D-007 -5.6344918083D-005
  6.6325000336D-002  3.6641658682D-001 -7.0345147962D-003  4.2110178614D-002
  7.9808392407D-002  8.8450723334D-002 -9.8299319386D-005 -4.8465013182D-002
  6.6718359450D-002  8.8266476085D-002 -2.7435341025D-004  7.4666393334D-003
  7.7217797448D-003  5.1099803476D-003 -1.5293358137D-003 -1.2713194772D-005
 -4.8137084020D-006
 -2.1296583460D-004  3.0481530281D-004  2.5510573916D-004  1.4815580312D-004
 -7.0003663302D-002  3.6025272132D-003  6.7064194804D-004  4.5054321462D-004
 -1.7295460978D-001 -3.9585511081D-005 -1.5279076205D-005 -6.4319681896D-005
 -2.2369609886D-005 -1.5767702681D-002  2.3496327315D-002  1.3793737991D-004
 -1.5460872723D-004 -2.4936352714D-004  2.2309227889D-004  3.9136798117D-001
 -2.3614312640D-003 -7.6421120165D-004  1.4009389673D-003  1.2455012016D+000
  6.0623600737D-006  4.1224072665D-005 -3.7606435082D-005  9.9772339933D-007
 -1.7110385037D-002 -6.7357826051D-003 -1.0160007226D-005  1.0909407638D-003
  9.2985590349D-002  1.3990841709D+000 -9.3053955879D-002 -1.3983750277D+000
  9.9882096263D-005 -8.3342346986D-005 -9.1727025870D-005 -3.5590463039D-004
 -1.5181904739D-001 -1.6385039362D-003  7.3848146382D-004 -1.1122617261D-003
 -5.2671509130D-001  3.5011579082D-005  1.8967004115D-005 -3.9972108732D-005
 -3.0233794481D-005  2.0806720709D-002  7.5751866138D-004  1.7666305363D-005
 -1.5486471417D-004  8.5215898531D-002  6.2518770077D-001 -8.5359389601D-002
 -6.2441050187D-001  2.8331133296D-006  2.7113318240D-007 -2.4039964563D-004
 -3.5565125876D-004  4.8885290133D-002  3.0908895294D-004 -5.1222756095D-004
 -8.3031355181D-004  7.7408890496D-002 -2.3820566601D-007  1.6997624021D-005
 -5.2480295161D-006  1.4784143160D-005 -1.3680088809D-003  5.3641731434D-003
  2.9136659077D-005 -1.0254620673D-003  1.3564961487D-005 -3.7905473160D-005
  7.3469197445D-005  1.0613805273D-004 -6.1680189753D-002 -1.1546787403D-004
  1.0790693314D-004  2.7236995450D-004 -4.3651889373D-002 -6.7746986367D-006
  1.1511305474D-005 -4.7611790812D-006 -8.2037124026D-007  3.2962957313D-003
  3.0382690810D-003
 -1.0692587294D-002  1.2197633508D-002 -1.0599934914D-001  2.0189478272D-002
 -1.8570935859D-004  2.7230830025D-001 -4.6556976695D-001  3.3097583152D-002
 -4.5950944112D-004  1.5376866523D-004 -3.0891413544D-003 -5.2333248726D-003
  1.2418192894D-003  2.9934102914D-005 -1.0118035519D-006  1.9588395570D-002
 -2.5909283131D-002  3.2027771774D-001 -2.3068501087D-002  3.9645241794D-004
 -3.1581177912D-001  1.1001904737D+000  2.0340164869D-002  1.0713214770D-003
  1.1130986209D-002  1.8313781516D-003 -9.3132422676D-003  2.8498571357D-003
  2.6609797091D-005  5.3948895283D-006  7.1719026399D-002  1.4288231754D+000
 -3.0109533220D-002 -5.3585324264D-001 -3.0064436192D-002 -5.3626954039D-001
 -2.4101341794D-002  1.4271015828D-002 -1.1488140151D-001 -2.1641509687D-001
  4.3657803971D-004  5.7965202267D-001 -5.3629524994D-001 -5.1234124439D-001
  1.5145249182D-003 -4.1886665544D-003 -5.2643541052D-003  6.6276293761D-003
  1.8550714495D-003 -1.7731873814D-006  2.2197779526D-006 -5.5705954386D-002
 -1.1285022047D+000  3.1135470053D-002  3.1912856539D-001  3.1276746140D-002
  3.2149544063D-001  4.9017733475D-002 -7.3209898388D-002 -4.7372951917D-002
  1.8920264550D-001  7.6929625839D-005 -8.3436468441D-001 -5.9518750239D-001
  4.1221554858D-001 -6.8081007634D-005  7.0463326896D-003  4.3518085233D-003
 -1.0365398592D-003  6.5074289410D-003 -1.0767923450D-005 -1.8838930738D-005
  3.6731532439D-002  1.0357238055D+000  2.3696967954D-002 -2.7886235491D-002
 -7.9624826657D-003 -7.9326060568D-002  9.9404662342D-006 -3.9245940824D-001
 -1.2952368842D-001 -2.7092373044D-002 -7.3338347099D-005  1.4143759404D-003
  1.5911795025D-002  7.3631903284D-003  1.0170301537D-002 -2.6936918553D-006
 -1.2562423940D-005
  9.1624041424D-003 -2.9725656502D-002 -7.1350848015D-002  4.0265050282D-001
  5.3517100525D-005 -1.0156066611D-001 -3.0768642435D-001  1.4720050842D+000
  1.3708161559D-004  9.9659720854D-003 -1.6137152202D-002  2.0813056055D-003
 -6.8465892731D-004  4.3274964911D-006 -9.3375290476D-006  3.2684210562D-002
 -1.8652579867D-002  1.4169720560D-002  2.4660117863D-001 -1.7385274012D-004
 -7.9954319379D-001  2.1331769649D-001  1.3264688163D+000 -6.3986802193D-004
 -1.0960916968D-002  2.6253434569D-002 -1.8843810025D-002  3.9059987960D-003
  6.3070084394D-006 -1.0756836188D-005 -5.0289656212D-002 -6.5632333753D-002
 -5.8449878046D-002 -2.9088737739D-001 -5.8432787329D-002 -2.8966510635D-001
 -1.7204070653D-002  1.6892833429D-003 -2.0248418336D-001  8.6389392753D-002
  9.1607571893D-005  3.7915207821D-001 -1.1507468955D+000  2.4124023304D-001
  4.5797621207D-004 -2.8877138909D-002  1.3704414656D-002  1.6269645304D-002
  6.0520074916D-003  1.2542720617D-005  1.5992123419D-006  6.6339667387D-002
  4.1809531045D-002  3.4938256581D-002  4.3600523792D-001  3.5044636246D-002
  4.3593011065D-001 -7.0737910027D-002  8.9617595327D-002 -1.2468647246D-002
 -4.9135966672D-002  8.2163913140D-005  1.3021759789D+000  1.8769219036D-001
 -3.3728423263D-001  1.8856757115D-006 -3.0346198008D-002  7.9248029485D-003
  1.0268504931D-002  1.3300398229D-002 -9.8605623214D-006  9.6743282167D-006
 -2.1681336285D-002 -9.0582991756D-001  2.1830998826D-002 -5.4793025952D-002
 -1.1573412724D-001  8.6609207897D-002 -4.6030350041D-005 -1.7913152695D-001
 -1.5984882381D-001  1.2809786582D-001 -3.9242656988D-005  2.3040505545D-003
 -3.4385396808D-003  5.7455550189D-003 -9.6063142694D-004  4.8416733330D-006
  8.3767875803D-007
GEOMETRY2
  7        0.65830058755800       -0.03634107391080        0.00047304044362
  6        0.78169937795100        2.70587409120000        0.00005880254107
  1       -1.14834495246000        3.42822326684000       -0.00184553735392
  1        1.78187197362000        3.39516134373000       -1.68193715364000
  1        1.77892246551000        3.39571913350000        1.68355149576000
  6        3.01555281337000       -1.42844086497000       -0.00029003487725
  1        2.62342071913000       -3.45802725879000        0.00060816588953
  1        4.14939381361000       -0.97931216422000        1.67947163204000
  1        4.14738732749000       -0.98008628288400       -1.68154861856000
  6       -1.63120382518000       -1.22891190186000        0.00027846853888
  1       -1.42195981726000       -3.31225027601000        0.00094637276512
  8       -3.68938572992000       -0.19077102388000       -0.00035513215239
HESSIAN 6-31G(d)
  36
  7.2479641034D-001
  3.3225478147D-002  6.3907470997D-001
 -6.7869255139D-005  1.6481456593D-005  1.0787450330D-001
 -1.1043941230D-001 -1.1127024244D-002  1.9381087737D-006  6.2754207155D-001
  7.1836882394D-004 -2.1870484795D-001 -5.3946031789D-006 -4.8121024389D-003
  4.8253839393D-001
  4.2231446190D-007  1.7320358331D-005 -6.6790089978D-002  3.4021055280D-005
  1.8760841705D-005  5.6742469422D-001
  3.8565521558D-003  2.4252914779D-003  8.5176204053D-006 -2.9632047114D-001
  9.4849919909D-002 -2.4436853443D-004  3.1658514150D-001
  3.5773918229D-002 -2.0021939675D-002  2.5186168899D-005  8.1436945774D-002
 -8.0180437610D-002  8.0117224882D-005 -1.0000285821D-001  9.6313511953D-002
  1.4926441551D-006  3.9306120469D-006 -1.1991763194D-003 -2.4194725774D-004
  8.9155583560D-005 -5.2739223715D-002  2.6165207983D-004 -9.1789217821D-005
  4.9725326889D-002
 -6.1729727771D-004 -3.4165492130D-003 -1.0645411145D-003 -1.1182916056D-001
 -3.5863827769D-002  1.0127332321D-001 -1.0934284093D-002 -9.9333663717D-003
  2.6011725452D-002  1.1363346108D-001
 -2.3396802931D-002 -2.7756153289D-002  2.7538843799D-002 -3.3657810025D-002
 -6.9398336451D-002  5.9409823163D-002  3.4291792213D-003  4.5282697505D-003
 -1.0815720345D-002  4.4763121104D-002  8.7254923841D-002
 -9.4322621920D-004  4.0480956414D-003  8.4321452548D-003  1.0210073389D-001
  6.2393859148D-002 -2.2512602377D-001 -9.7416061521D-004 -1.5675492854D-003
  1.7893204730D-003 -1.1192738809D-001 -7.0854230391D-002  2.3836850438D-001
 -6.1565646803D-004 -3.4225303223D-003  1.0614138215D-003 -1.1147814259D-001
 -3.5781687916D-002 -1.0107381110D-001 -1.0892411820D-002 -9.9435875129D-003
 -2.6032796128D-002  8.4081789923D-003  5.5886709620D-003  1.3950375657D-002
  1.1323451453D-001
 -2.3346671905D-002 -2.7791853423D-002 -2.7560595508D-002 -3.3591908057D-002
 -6.9421529624D-002 -5.9532665362D-002  3.4104849492D-003  4.5323189489D-003
  1.0820294738D-002  5.5708262050D-003  4.5285163499D-003  7.0950135361D-003
  4.4681605000D-002  8.7303291829D-002
  9.4567530565D-004 -4.0436940466D-003  8.4587491057D-003 -1.0190010088D-001
 -6.2513421158D-002 -2.2545740702D-001  9.5084488498D-004  1.5487443866D-003
  1.7393524626D-003 -1.3895121959D-002 -7.0938223986D-003 -2.2750975458D-002
  1.1169962679D-001  7.0990754611D-002  2.3872586347D-001
 -2.0112988998D-001  5.8955809545D-002  4.3586852013D-005  3.6685091894D-003
  3.6741124266D-003 -1.0232032286D-006  2.5005402061D-004 -3.3144782025D-003
  2.1179873908D-006  8.0998069281D-004 -3.0660470312D-003  2.0340547354D-004
  8.1161110077D-004 -3.0668561468D-003 -2.0426599123D-004  5.2735695037D-001
  4.7606194396D-002 -1.4281330479D-001 -1.6792724106D-005  3.1717171487D-002
 -1.9887582720D-002 -1.0505005013D-006 -1.7288339095D-004 -6.0071563404D-003
 -2.3556894481D-006  6.5398339084D-004  1.8409904073D-003 -4.4298244087D-004
  6.4981619594D-004  1.8380421217D-003  4.4144982194D-004  5.3128218656D-002
  5.8683127633D-001
  7.3198371589D-005 -3.9144438181D-005 -5.9928966392D-002 -8.3253522853D-006
  9.3382599764D-006 -1.6313477717D-003 -1.1973494876D-006  8.0306394650D-006
 -1.9445906707D-004 -1.5404557294D-003  1.3147602317D-003  5.2179910577D-004
  1.5370819695D-003 -1.3130795927D-003  5.1775994420D-004  1.1041826627D-005
 -6.5027836658D-005  5.6462782948D-001
  6.0375718131D-003  3.4096532434D-002 -1.2640076880D-005 -5.3349694314D-003
  2.8421529829D-004 -6.0846016351D-008 -1.2008623382D-004  1.7052165376D-003
  1.2637604388D-007  2.6111674953D-005 -5.1264129697D-005 -2.1991184331D-004
  2.5804791985D-005 -5.0493567173D-005  2.1956668231D-004 -6.4619794708D-002
 -6.0878615956D-002  3.0112859330D-005  7.0536981448D-002
  1.5013987798D-003 -2.0455873873D-002  3.4934692264D-006  4.4649969270D-003
  5.3838368549D-004  2.2998809474D-006 -5.7511871644D-004 -1.2503814690D-003
 -7.1750278511D-007 -1.6935363006D-004  2.4356242415D-004  3.5153683634D-005
 -1.6896192605D-004  2.4223125268D-004 -3.5879193235D-005 -5.0845679189D-002
 -3.0426311413D-001  1.1299563387D-004  5.4169205585D-002  3.3440604156D-001
 -3.5852044286D-006 -1.6511324376D-005 -1.4774024889D-003  4.2894041369D-006
  9.4177934798D-007  2.9082186175D-004 -5.0944446431D-007 -9.6952337233D-007
  4.9849925988D-004 -6.5983914237D-005 -3.9148882416D-004  2.5793026548D-004
  6.3884518738D-005  3.9162344239D-004  2.5783533658D-004  2.6688352667D-005
  1.1790104964D-004 -5.0446107927D-002 -2.8739230465D-005 -1.2172361617D-004
  4.6792599364D-002
 -3.1482721975D-002 -3.6784774665D-003 -2.1563066329D-002  5.5083579104D-004
 -2.8576231415D-003 -1.3059173374D-004 -6.2028915331D-005 -2.0148213900D-004
  2.8576889754D-004  9.9648973906D-005  5.1055427963D-004  2.0147522097D-005
  4.7077414082D-004  1.1010248005D-003  5.2674047992D-004 -1.1495522561D-001
 -3.1319746795D-002 -1.0451914455D-001 -2.8449968180D-003 -1.9962745165D-003
 -4.6452373333D-003  1.3763049455D-001
  1.6836587248D-002  4.1613675929D-003  1.4713118016D-002  7.1125503376D-004
  2.4825477131D-003  1.8158230484D-003 -7.5857933856D-005  1.9862304322D-004
 -1.3492659923D-004 -2.7040729168D-005 -2.1699349931D-004 -1.1425124536D-004
 -8.2677025852D-004  2.3117157883D-004 -8.8030633987D-004 -3.3711954095D-002
 -6.7176806873D-002 -5.0269629211D-002 -1.6095920539D-002 -5.1326308304D-003
 -2.6989327541D-002  2.9503882912D-002  6.5009641852D-002
 -3.0339604462D-003  2.9349993578D-003  9.1398462885D-003  2.8986033839D-004
 -2.7386905538D-004  4.6369483679D-004  3.6392973294D-005  1.4365159503D-004
  2.1935022206D-004  7.1631074663D-005 -8.4170294711D-005 -4.8792704089D-004
 -4.0110421749D-004  8.4171999519D-004 -1.3380526494D-004 -1.0721977955D-001
 -5.0345496893D-002 -2.2450225786D-001  1.9835345415D-003  1.0521383558D-004
  1.7363064387D-003  1.1976738773D-001  5.3553703492D-002  2.3726505472D-001
 -3.1484571729D-002 -3.6510557140D-003  2.1607093174D-002  5.4823107681D-004
 -2.8605424338D-003  1.3188892088D-004 -6.1433156045D-005 -2.0254422675D-004
 -2.8536169250D-004  4.7266524865D-004  1.1005306623D-003 -5.2628622346D-004
  1.0017603207D-004  5.1072014512D-004 -2.0566628511D-005 -1.1470675373D-001
 -3.1224248708D-002  1.0443365724D-001 -2.8418344468D-003 -1.9920760448D-003
  4.6486084542D-003  1.0893547236D-002  3.9091995112D-003 -1.3473758620D-002
  1.3737162285D-001
  1.6827064004D-002  4.1448604899D-003 -1.4727246062D-002  7.1766876926D-004
  2.4861838046D-003 -1.8181303748D-003 -7.5725897695D-005  1.9920987692D-004
  1.3454259063D-004 -8.2850002944D-004  2.3012986862D-004  8.8034045896D-004
 -2.9156301654D-005 -2.1623362910D-004  1.1607917695D-004 -3.3612353686D-002
 -6.7126156314D-002  5.0241797494D-002 -1.6063920634D-002 -5.1144440056D-003
  2.7009615351D-002  3.9081202515D-003  2.5163005749D-003 -7.8367794483D-003
  2.9382325991D-002  6.4951441748D-002
  3.0705269105D-003 -2.9266055314D-003  9.1248983612D-003 -2.9115458335D-004
  2.7653804343D-004  4.6097067588D-004 -3.6916791076D-005 -1.4344579421D-004
  2.2074991847D-004  4.0063183996D-004 -8.4408179384D-004 -1.3288866202D-004
 -7.2007673002D-005  8.4048404382D-005 -4.8631197738D-004  1.0713212038D-001
  5.0314456534D-002 -2.2483042374D-001 -1.9725315088D-003 -1.0080828893D-004
  1.7202764652D-003  1.3432649750D-002  7.8172444397D-003 -2.3089307608D-002
 -1.1968820045D-001 -5.3512069514D-002  2.3762470371D-001
 -2.6314014940D-001 -7.7493740612D-002  5.7934119384D-006  8.8325579763D-003
 -2.8118394639D-002  1.2386869817D-005  2.9988629004D-004  8.0680327159D-003
 -5.8473672539D-006  1.0295250221D-004  7.8039021958D-003 -2.0800981358D-003
  1.0861273252D-004  7.8072370019D-003  2.0730282966D-003 -4.1239804848D-002
  4.7930568441D-003 -1.4643781901D-005 -6.6930121417D-004 -6.2231431090D-003
  1.4239980294D-006  2.7712751683D-003 -2.0654695821D-003  2.4435943938D-003
  2.7808128224D-003 -2.0653533785D-003 -2.4413400383D-003  9.2008956981D-001
 -1.0026961609D-001 -1.9780324699D-001  7.4597779826D-006 -3.4506259066D-002
 -2.7451246896D-002 -3.8167450688D-006 -1.4137919631D-003 -2.3024454642D-003
  1.9058839659D-006  6.2517130758D-004 -2.9612026020D-003 -1.3948405470D-003
  6.2027761097D-004 -2.9533791128D-003  1.3967609201D-003  1.2649649392D-002
  1.8171727934D-002  3.5395361774D-007  4.8114157738D-003 -1.5342530980D-003
  5.0747408595D-007  5.4982886632D-003 -2.9625321435D-003  7.5095255669D-004
  5.4949923207D-003 -2.9592010890D-003 -7.5594265262D-004 -1.6700451419D-001
  7.5049158495D-001
 -1.7902655359D-005  3.1382920824D-006 -3.9363971993D-002  1.2680268337D-005
  1.3312759020D-006 -1.9703759490D-003  5.6878671379D-007  2.4156971501D-006
  1.6199110579D-003  1.3273084404D-003  3.0300392992D-003 -6.2049530060D-004
 -1.3267505524D-003 -3.0260565176D-003 -6.1830981038D-004  4.6363810586D-006
  2.3350723008D-006 -1.2381462123D-002 -9.3273331446D-007  3.9108961714D-007
  6.5684902787D-004 -4.9399093058D-003  1.4902925982D-003 -3.5279683106D-004
  4.9405672218D-003 -1.4896819659D-003 -3.5494984537D-004  1.5331278764D-004
 -1.6644812031D-004  1.8384769257D-001
 -1.4260367407D-003 -3.1035281398D-002  5.6322084956D-006 -3.9940578206D-003
 -7.6854798166D-004  6.0479916586D-007 -3.1784128561D-004 -2.3843490787D-004
  2.7923430661D-007 -1.6324419219D-005 -7.9558130988D-004 -1.5821656436D-004
 -1.6824587498D-005 -7.9329692683D-004  1.5818230818D-004 -3.3615223670D-004
 -4.0184596073D-003 -2.2877661409D-007 -9.6982220528D-004  5.2485185324D-004
 -2.4573529689D-007  1.8550789718D-004  1.2572182941D-004  5.4707506104D-005
  1.8557887566D-004  1.2556676008D-004 -5.4942608520D-005 -5.7925975698D-002
  1.3269231878D-002 -3.5220948755D-006  7.5136918435D-002
 -5.4379662289D-003 -2.6644554119D-002  4.7729427132D-006 -2.8649816230D-003
  2.4431829818D-003  3.1307492338D-006  6.3448237639D-004  6.3331518106D-004
 -4.1284779159D-007 -1.5606731462D-004 -7.2790011718D-004  3.6077797560D-005
 -1.5605807668D-004 -7.2583333928D-004 -3.6240187771D-005  2.9508528267D-003
 -7.4493944816D-004  3.7927568719D-009 -8.6192697729D-004  1.5123869135D-003
 -3.5706329431D-007 -4.3541791037D-004  5.4041761614D-004 -5.5845238208D-005
 -4.3582157696D-004  5.3976344043D-004  5.6130620637D-005  5.0904042938D-004
 -2.7058638646D-001  6.2332544211D-005 -1.8546014427D-002  3.1076756295D-001
 -5.3583123029D-006 -1.4330589843D-006  8.8524912327D-003 -1.8821687880D-006
 -8.5018555479D-007  7.3083192987D-003 -1.5624237978D-006 -9.1040662551D-007
  1.5326447365D-004  3.7080837842D-004 -1.7079567701D-003 -2.5858080803D-004
 -3.6984005570D-004  1.7084244661D-003 -2.6078347418D-004 -9.0083100534D-007
 -4.4568700282D-007 -1.2206363555D-003  1.0135751110D-006  3.8221837423D-007
 -5.3521008215D-005 -1.2404791297D-004 -4.4720881837D-004  3.5293264622D-005
  1.2434150118D-004  4.4691400131D-004  3.4927558716D-005  5.9656325577D-006
  7.0395836206D-005 -5.8415600133D-002  1.5178056652D-005 -8.4381526247D-005
  2.5449168886D-002
 -9.4354798366D-002  5.1215473804D-003 -2.5858421393D-005 -1.7459917467D-003
  1.1536109881D-002 -2.7917500179D-006 -2.2830773187D-003 -3.1473616831D-003
  2.7897736738D-006 -1.5593282242D-004 -2.2284529983D-003  5.5462514268D-004
 -1.5663686221D-004 -2.2326714993D-003 -5.5360929148D-004  4.0905157229D-003
 -1.0934486529D-002 -1.0967325429D-006  7.7433532835D-004  1.3101539900D-003
 -5.9386562881D-007 -3.2571104341D-003  1.7163666040D-003 -5.1850572264D-004
 -3.2580410815D-003  1.7142641514D-003  5.2116477754D-004 -5.7201043617D-001
  2.6022515435D-001 -1.5005654256D-004 -1.0504970216D-002  2.4799878502D-002
 -1.3715439153D-005  6.8286214395D-001
 -3.7952452081D-005  3.4610836100D-002  6.7326874389D-007  1.5120474690D-003
 -5.4447108566D-003  8.3877163853D-006 -2.4331218185D-003  3.3571118006D-003
 -3.9072068447D-006 -1.2183969495D-003  2.4341933171D-003 -1.1468635790D-004
 -1.2116174548D-003  2.4332570472D-003  1.0957441000D-004 -3.7412744984D-003
 -6.6297619245D-004 -3.9892706125D-007 -1.0644438258D-003  8.0809157422D-004
 -2.1120406946D-007 -3.2848938925D-005  3.4889337318D-004  2.6592009698D-004
 -3.1479927575D-005  3.4814523284D-004 -2.6546446832D-004  2.5398934631D-001
 -2.5714941902D-001  8.9910732240D-005  4.2150244238D-002 -1.7007015609D-002
  1.7069930897D-005 -2.8788050217D-001  2.3592359322D-001
 -1.9413456121D-005  3.4226797813D-006  1.6876973687D-002 -1.1283006576D-007
  3.6100703674D-006 -2.2340326888D-003  7.3881345795D-007 -3.4814845792D-006
 -1.8329156551D-003 -9.6193759051D-004  4.9800432613D-004  7.1915696680D-006
  9.6392697211D-004 -4.9948221358D-004  8.0326779535D-006  2.3723259749D-006
 -1.9907077087D-006  9.4682727165D-003  4.6220449667D-007 -8.0121003499D-007
 -2.3408659150D-004  1.8893027827D-003 -5.5453183880D-004 -2.9345116324D-004
 -1.8919828960D-003  5.5461829151D-004 -2.9264486157D-004 -1.5357606934D-004
  9.2711667890D-005 -7.2046490680D-002 -1.7428333027D-005  1.4788415634D-005
  1.8375657065D-002  1.8764807455D-004 -1.0686799461D-004  3.2197493868D-002
